0 0.293609375 0.20594847775175643 0.327546875 0.6888056206088993
0 0.702859375 0.41950819672131145 0.030625000000000003 0.06121779859484778
0 0.86053125 0.44039812646370025 0.03565625 0.10372365339578454
0 0.970578125 0.4550585480093677 0.029421874999999997 0.09140515222482436
0 0.67734375 0.38400468384074943 0.07246875 0.20936768149882906
0 0.9266249999999999 0.4397658079625293 0.0504375 0.1026463700234192
0 0.7966249999999999 0.4373770491803278 0.017499999999999998 0.044800936768149884
0 0.812078125 0.43875878220140513 0.010796875000000001 0.0402576112412178
0 0.898203125 0.4601873536299766 0.01278125 0.0251288056206089
0 0.828484375 0.4565573770491803 0.022859375 0.029227166276346604
0 0.9237500000000001 0.45 0.02328125 0.041405152224824354
0 0.91040625 0.4640046838407494 0.008203125 0.020679156908665106
