0 0.65623 0.591997 0.13982 0.453724
0 0.08438 0.446517 0.05588 0.136997
1 0.36234 0.58036 0.05096 0.106547
1 0.41543 0.578709 0.05362 0.106246
1 0.47412 0.576787 0.0588 0.0997
1 0.29545 0.579069 0.05714 0.104985
1 0.24477 0.580856 0.05738 0.112643
1 0.136 0.578829 0.05804 0.105886
1 0.35215 0.5553 0.04642 0.112943
1 0.5138 0.56991 0.03452 0.110511
1 0.40999 0.512913 0.04294 0.018318
1 0.18895 0.58045 0.05278 0.112192
1 0.08374 0.572523 0.05188 0.128529
1 0.47677 0.522583 0.0447 0.029069
0 0.05322 0.527553 0.07396 0.288438
0 0.16692 0.464745 0.05532 0.120661
1 0.288 0.515495 0.0388 0.011411
1 0.233 0.524024 0.046 0.027027
