0 0.2226875 0.7548541666666666 0.061203125000000004 0.15366666666666667
0 0.87890625 0.7116458333333333 0.05525 0.22766666666666666
0 0.863921875 0.7626458333333334 0.017015625 0.0699375
0 0.585453125 0.8217916666666666 0.029140624999999996 0.066625
0 0.667046875 0.73275 0.0454375 0.141375
0 0.412609375 0.7909791666666667 0.0083125 0.03789583333333334
0 0.534671875 0.770875 0.010109375 0.03877083333333333
0 0.34521875 0.7961041666666666 0.053640625 0.09383333333333334
0 0.16404687499999998 0.8385625 0.030359375 0.0723125
0 0.72421875 0.8122708333333333 0.0521875 0.1638541666666667
0 0.62834375 0.7988958333333334 0.042234375000000005 0.09360416666666667
0 0.9349375 0.743875 0.044328125 0.19775
0 0.19153125 0.8046666666666666 0.0115 0.0400625
0 0.0109375 0.7708333333333334 0.7703125 0.15
