0 0.26321875 0.21285046728971962 0.27134375 0.516892523364486
0 0.565828125 0.2880373831775701 0.05821875 0.2738785046728972
0 0.6237812500000001 0.2833177570093458 0.062796875 0.2738785046728972
0 0.69184375 0.4084345794392523 0.0819375 0.1491588785046729
0 0.744828125 0.3758177570093458 0.064796875 0.1805607476635514
0 0.78328125 0.36074766355140186 0.03128125 0.1508177570093458
0 0.024046875000000002 0.12359813084112149 0.05109375000000001 0.07191588785046729
0 0.93625 0.28988317757009346 0.06375 0.2561915887850467
0 0.4485625 0.14341121495327103 0.04203125 0.06203271028037383
0 0.31409375 0.13707943925233645 0.0375625 0.06067757009345794
0 0.24834375 0.40016355140186916 0.07570312500000001 0.17098130841121498
0 0.82640625 0.3710747663551402 0.07859374999999999 0.1864485981308411
