0 0.370078125 0.10785882352941177 0.5431874999999999 0.8808941176470588
0 0.06715625 0.10576470588235294 0.43425 0.8808941176470588
0 0.403671875 0.3886588235294118 0.027421875000000002 0.08934117647058823
0 0.47368750000000004 0.29007058823529414 0.04796875 0.34536470588235296
0 0.733515625 0.25811764705882356 0.0909375 0.16727058823529412
0 0.9006718749999999 0.25058823529411767 0.094125 0.49327058823529407
0 0.40278125 0.43781176470588234 0.082703125 0.19703529411764706
0 0.297703125 0.27997647058823527 0.06328125 0.32023529411764706
0 0.37040625 0.3044235294117647 0.045859375 0.18134117647058823
0 0.8066875 0.33430588235294123 0.0330625 0.09145882352941176
0 0.8614218749999999 0.3519294117647059 0.138578125 0.6480705882352942
0 0.5415 0.3221647058823529 0.05571875 0.14941176470588236
