0 0.135109375 0.4510277777777778 0.11114062499999999 0.32769444444444445
0 0.024328125 0.56875 0.030906250000000003 0.1766111111111111
0 0.0005625 0.5681666666666666 0.019765625000000002 0.1766388888888889
0 0.256109375 0.4441111111111111 0.056203125 0.12330555555555556
0 0.398203125 0.4774722222222222 0.038078125000000004 0.13302777777777777
0 0.364546875 0.4809444444444444 0.054734375 0.2499722222222222
0 0.421203125 0.42491666666666666 0.11126562499999999 0.3151388888888889
0 0.734 0.4156388888888889 0.075015625 0.2559166666666667
0 0.6055937499999999 0.40797222222222224 0.132046875 0.34397222222222223
0 0.31321875 0.44477777777777777 0.08165625 0.3895
0 0.52890625 0.4186944444444444 0.08209375 0.19649999999999998
0 0.9006875000000001 0.39244444444444443 0.060625 0.2187777777777778
0 0.8124218750000001 0.4456944444444444 0.06979687500000001 0.21502777777777776
0 0.425 0.39444444444444443 0.5734375 0.49166666666666664
