0 0.074021 0.704609 0.136042 0.165688
0 0.770938 0.774891 0.096167 0.068844
1 0.855729 0.908531 0.201792 0.182938
1 0.635719 0.857289 0.215646 0.091266
1 0.74725 0.865281 0.127625 0.111781
1 0.209948 0.92925 0.288229 0.116781
1 0.363594 0.845594 0.175521 0.129719
1 0.194385 0.900898 0.166062 0.032922
1 0.405167 0.788188 0.044958 0.019656
1 0.789198 0.888117 0.200104 0.148703
1 0.656792 0.783516 0.043333 0.019906
1 0.362021 0.78607 0.034458 0.023922
1 0.335125 0.806008 0.13075 0.061141
1 0.227979 0.93775 0.183458 0.040031
