0 0.684375 0.7015625 0.063828125 0.22889583333333335
0 0.656734375 0.741375 0.024140625 0.09377083333333333
0 0.64596875 0.6727083333333332 0.01303125 0.03235416666666666
0 0.49557812500000004 0.6050208333333333 0.0115625 0.030604166666666665
0 0.56753125 0.6191041666666667 0.016359375000000002 0.02314583333333333
0 0.6038281249999999 0.6139166666666667 0.005546875 0.020458333333333335
0 0.627375 0.5990208333333332 0.01 0.022333333333333334
0 0.644015625 0.599125 0.01184375 0.03783333333333334
0 0.084125 0.6945208333333334 0.106640625 0.30443749999999997
0 0.04484375 0.6515625 0.02046875 0.09464583333333333
0 0.559546875 0.736875 0.027265624999999998 0.08252083333333333
0 0.125546875 0.6043333333333333 0.01821875 0.05504166666666667
0 0.0484375 0.5041666666666667 0.7390625 0.33541666666666664
