0 0.16790624999999998 0.21972340425531914 0.29898437499999997 0.6001702127659574
0 0.29757812499999997 0.22534042553191488 0.148703125 0.27585106382978725
0 0.43703125 0.18236170212765956 0.36878125 0.6104680851063831
0 0.0 0.0 0.124953125 0.4959574468085106
0 0.606125 0.0 0.05703125 0.11427659574468085
0 0.5330468749999999 0.17753191489361703 0.209578125 0.47863829787234047
0 0.779296875 0.0005957446808510638 0.214265625 0.49880851063829784
0 0.107265625 0.0 0.171625 0.3415744680851064
0 0.25934375 0.0 0.12889062499999998 0.14487234042553193
0 0.076171875 0.0002553191489361702 0.05728124999999999 0.13046808510638297
