0 0.504015625 0.6810538641686182 0.101703125 0.2988758782201405
0 0.42756249999999996 0.6840983606557377 0.07960937500000001 0.30362997658079627
0 0.003 0.6250117096018736 0.178828125 0.364847775175644
0 0.6626875 0.6337002341920374 0.167921875 0.30337236533957845
0 0.405109375 0.65807962529274 0.04065625 0.08220140515222482
0 0.43915625 0.6474707259953162 0.024234375 0.09676814988290398
0 0.163640625 0.6265807962529274 0.029390624999999997 0.06805620608899297
0 0.18884375 0.6349414519906323 0.025437500000000002 0.0594847775175644
0 0.40178125 0.6588290398126464 0.02 0.09840749414519907
0 0.4203125 0.6427400468384075 0.013890625 0.04163934426229508
0 0.8691875 0.7244964871194379 0.05014062500000001 0.10800936768149882
0 0.773328125 0.6476346604215457 0.143875 0.2952459016393442
0 0.46875 0.6557377049180327 0.0390625 0.12646370023419204
