0 0.798640625 0.42346604215456674 0.08884375 0.2663466042154567
0 0.837828125 0.36088992974238876 0.041578125 0.08826697892271662
0 0.713640625 0.35194379391100705 0.017703125 0.07564402810304449
0 0.73778125 0.3473302107728337 0.02515625 0.03407494145199064
0 0.62671875 0.31461358313817334 0.014624999999999999 0.02468384074941452
0 0.240671875 0.33800936768149886 0.008624999999999999 0.01990632318501171
0 0.349984375 0.35021077283372365 0.013875000000000002 0.056159250585480096
0 0.9507031250000001 0.2900702576112412 0.022390625 0.05793911007025761
0 0.7329687500000001 0.2406791569086651 0.017499999999999998 0.029765807962529277
0 0.75525 0.22145199063231852 0.018296875 0.03653395784543326
0 0.45931249999999996 0.15025761124121778 0.008453125 0.025011709601873537
0 0.43823437500000006 0.15018735362997657 0.00975 0.02983606557377049
0 0.261453125 0.1496487119437939 0.00828125 0.027189695550351285
0 0.0015625 0.0 0.996875 0.4379391100702576
