0 0.17754666666666666 0.50522 0.02776 0.033299999999999996
0 0.28664 0.50654 0.018773333333333333 0.030760000000000003
0 0.5355466666666667 0.5074 0.01744 0.027280000000000002
0 0.6600266666666667 0.50346 0.020213333333333333 0.01686
0 0.20058666666666666 0.50504 0.016586666666666666 0.029
0 0.1508 0.5093799999999999 0.019386666666666667 0.02852
0 0.25773333333333337 0.50614 0.02416 0.02638
0 0.82552 0.5439400000000001 0.023680000000000003 0.023960000000000002
0 0.6321866666666667 0.50026 0.025093333333333332 0.01798
0 0.7279200000000001 0.50348 0.016479999999999998 0.02512
0 0.47461333333333333 0.50864 0.0112 0.027719999999999998
