0 0.7572656249999999 0.12711267605633803 0.17159375 0.44791079812206575
0 0.6641250000000001 0.0022535211267605635 0.10770312500000001 0.3527934272300469
0 0.38453125 0.0 0.140140625 0.24267605633802816
0 0.255375 0.0 0.12423437500000001 0.26795774647887327
0 0.8965624999999999 0.004530516431924882 0.1034375 0.7074882629107981
0 0.077875 0.0 0.057890624999999994 0.17772300469483568
0 0.12390625 0.00011737089201877935 0.104421875 0.16417840375586853
0 0.8710000000000001 0.0018309859154929577 0.08509375 0.15107981220657277
0 0.50565625 0.0 0.1736875 0.20779342723004693
0 0.000125 0.0015023474178403756 0.063078125 0.6174647887323944
