0 0.32551562500000003 0.12327868852459016 0.40715625 0.6381498829039813
0 0.8315781250000001 0.3881498829039813 0.08990625 0.3852224824355972
0 0.326921875 0.5792505854800937 0.070140625 0.15016393442622952
0 0.33996875000000004 0.8058548009367682 0.07296875 0.1429742388758782
0 0.380359375 0.6460655737704918 0.026468750000000003 0.08866510538641686
0 0.261203125 0.7845433255269321 0.026171875 0.09152224824355971
0 0.179921875 0.7298126463700234 0.076390625 0.15892271662763466
0 0.014515624999999999 0.7837002341920375 0.099203125 0.14517564402810304
0 0.896921875 0.5159953161592506 0.093515625 0.22557377049180327
0 0.39628125000000003 0.8645433255269321 0.0189375 0.08325526932084308
0 0.136 0.8065573770491803 0.028249999999999997 0.08255269320843091
0 0.1615625 0.8373536299765808 0.011875 0.03505854800936768
