0 0.374688 0.37767 0.248719 0.570788
0 0.760695 0.554059 0.376328 0.891882
0 0.898594 0.313928 0.082375 0.302604
0 0.553406 0.254716 0.012562 0.103085
1 0.275695 0.63558 0.147297 0.126958
1 0.373992 0.579267 0.076484 0.104398
1 0.563352 0.493796 0.098609 0.09744
1 0.882914 0.398578 0.053578 0.144289
1 0.91632 0.570306 0.031734 0.065427
1 0.676258 0.438589 0.036328 0.137921
1 0.534977 0.321838 0.017047 0.042582
1 0.648789 0.359847 0.025547 0.116674
1 0.763914 0.903162 0.222734 0.193676
1 0.484086 0.409606 0.055641 0.140263
1 0.521617 0.336991 0.041797 0.09674
0 0.511852 0.229015 0.041828 0.078687
0 0.489422 0.377079 0.056219 0.190088
0 0.504414 0.295963 0.055047 0.086937
0 0.321352 0.197418 0.041703 0.060219
0 0.308703 0.186532 0.019688 0.065449
1 0.655602 0.324059 0.033859 0.071575
1 0.534453 0.384573 0.051281 0.129847
1 0.541406 0.462801 0.054688 0.041575
