0 0.058875 0.20539583333333333 0.104765625 0.41458333333333336
0 0.183296875 0.5097083333333333 0.252234375 0.4902916666666667
0 0.808421875 0.25845833333333335 0.031140624999999998 0.12079166666666666
0 0.164421875 0.25525 0.05034375 0.12975
0 0.50853125 0.22558333333333333 0.25646874999999997 0.690375
0 0.9276249999999999 0.21997916666666667 0.06351562499999999 0.2704791666666667
0 0.520671875 0.22322916666666667 0.063953125 0.14147916666666666
0 0.96953125 0.27841666666666665 0.030328125 0.206
0 0.073625 0.23249999999999998 0.025671875 0.0606875
0 0.8057812500000001 0.2810625 0.018546874999999997 0.1987708333333333
