0 0.7210208333333333 0.12009375 0.27897916666666667 0.450515625
0 0.023166666666666665 0.242671875 0.08891666666666667 0.09671874999999999
0 0.286 0.20490624999999998 0.35660416666666667 0.3299375
0 0.48466666666666663 0.199125 0.08391666666666667 0.059812500000000005
0 0.6797291666666666 0.208640625 0.04954166666666667 0.12371875000000002
0 0.07375 0.232125 0.09977083333333334 0.104515625
0 0.21525 0.19524999999999998 0.12127083333333334 0.181046875
0 0.5567291666666667 0.21521875000000001 0.13354166666666664 0.294140625
0 0.7171458333333334 0.2209375 0.05470833333333334 0.09515625
0 0.13254166666666667 0.17378125 0.12325 0.165109375
