0 0.627835294117647 0.339109375 0.33889411764705885 0.38971875
0 0.5884235294117648 0.3713125 0.16209411764705883 0.19834374999999999
0 0.3538117647058824 0.394140625 0.1464235294117647 0.21389062499999997
0 0.22263529411764707 0.45506250000000004 0.15828235294117646 0.21018750000000003
0 0.000988235294117647 0.46656250000000005 0.23788235294117646 0.296328125
0 0.11752941176470588 0.477953125 0.17298823529411764 0.26265625
0 0.4723529411764706 0.399390625 0.1147529411764706 0.16398437500000002
0 0.7171764705882353 0.29578125 0.18696470588235292 0.132328125
0 0.08625882352941176 0.486515625 0.04755294117647059 0.044484375
0 0.23578823529411763 0.447171875 0.03322352941176471 0.038125
0 0.17308235294117646 0.415203125 0.03592941176470588 0.096984375
0 0.5418588235294117 0.395765625 0.11651764705882353 0.167390625
