0 0.7069062500000001 0.40829268292682924 0.0365625 0.24569105691056908
0 0.47701562500000005 0.4410162601626016 0.03428125 0.09678861788617886
0 0.675 0.4007723577235773 0.032859375 0.21963414634146342
0 0.088234375 0.41548780487804876 0.030359375 0.13634146341463416
0 0.0963125 0.3876829268292683 0.079828125 0.3905284552845528
0 0.761625 0.38402439024390245 0.038203125 0.21085365853658536
0 0.5061718749999999 0.4167886178861789 0.06742187499999999 0.32117886178861793
0 0.84490625 0.391260162601626 0.059765625 0.18967479674796747
0 0.913625 0.3544715447154472 0.033265625 0.21024390243902438
0 0.9596562499999999 0.33934959349593496 0.03465625 0.24792682926829268
0 0.954328125 0.3468292682926829 0.01740625 0.22166666666666668
0 0.725875 0.3861788617886179 0.033125 0.21922764227642277
