0 0.52175 0.3483138173302108 0.19940625 0.47192037470725995
0 0.752453125 0.17470725995316158 0.18603125 0.6722716627634661
0 0.478125 0.34606557377049185 0.11209374999999999 0.2509367681498829
0 0.6816718749999999 0.19042154566744732 0.1454375 0.47192037470725995
0 0.9002968750000001 0.0 0.099703125 0.26072599531615925
0 0.375921875 0.4595081967213115 0.090625 0.13672131147540983
0 0.9317500000000001 0.22098360655737706 0.06787499999999999 0.33711943793911003
0 0.43978124999999996 0.4621545667447307 0.051531249999999994 0.13533957845433256
0 0.025437500000000002 0.022646370023419203 0.258796875 0.8340749414519906
0 0.914 0.1457142857142857 0.0518125 0.41487119437939113
