0 0.21814062500000003 0.35861244019138755 0.23781249999999998 0.30452153110047847
0 0.965625 0.4207894736842105 0.02653125 0.046291866028708134
0 0.167796875 0.21334928229665073 0.0053906250000000005 0.01923444976076555
0 0.216546875 0.21031100478468898 0.0093125 0.025382775119617222
0 0.47485937500000003 0.5072727272727272 0.021828125 0.026961722488038277
0 0.045421875 0.6056698564593301 0.009546875 0.03791866028708134
0 0.20765625000000001 0.21519138755980863 0.006234375 0.0165311004784689
0 0.0 0.6333732057416268 0.009125 0.034952153110047846
0 0.9433125 0.4230622009569378 0.02496875 0.12595693779904304
0 0.9836562499999999 0.42404306220095694 0.01634375 0.12456937799043062
0 0.03803125 0.6052631578947368 0.007171874999999999 0.030239234449760767
0 0.007859375 0.6409090909090909 0.0031718749999999998 0.029856459330143543
0 0.8991718750000001 0.04767942583732057 0.0039375 0.01665071770334928
0 0.478125 0.011961722488038277 0.5140625 0.5454545454545454
