0 0.006015625 0.5505607476635513 0.090171875 0.17752336448598133
0 0.140359375 0.26287383177570095 0.046078125 0.1535747663551402
0 0.8881875000000001 0.1980607476635514 0.028359375 0.08287383177570093
0 0.8680468749999999 0.21198598130841123 0.025890625 0.059813084112149535
0 0.832796875 0.20189252336448596 0.041296875 0.07184579439252337
0 0.800578125 0.17892523364485982 0.039109375 0.05525700934579439
0 0.6993750000000001 0.18067757009345795 0.032718750000000005 0.06553738317757009
0 0.754375 0.21656542056074765 0.033984375 0.07649532710280374
0 0.8108124999999999 0.22502336448598131 0.02634375 0.04439252336448598
0 0.98821875 0.2427803738317757 0.01178125 0.048831775700934575
0 0.775890625 0.17742990654205607 0.021265625 0.06175233644859813
0 0.8005625000000001 0.28983644859813085 0.030625000000000003 0.042313084112149534
0 0.75353125 0.4864252336448598 0.10123437500000002 0.27123831775700935
0 0.0015625 0.0 0.996875 0.6752336448598131
