61 0.244242 0.609812 0.105234 0.069375
0 0.821625 0.5955 0.227531 0.260667
0 0.71032 0.489365 0.069484 0.115312
0 0.857437 0.492417 0.083094 0.128917
0 0.946 0.528562 0.108 0.197583
0 0.446133 0.51751 0.202047 0.170771
0 0.520039 0.492344 0.064609 0.078688
61 0.120805 0.921917 0.241609 0.12975
61 0.337109 0.576354 0.050531 0.068375
61 0.442625 0.559646 0.050031 0.050417
61 0.129508 0.752292 0.147922 0.283625
61 0.955812 0.639385 0.088031 0.117396
61 0.911656 0.534646 0.030219 0.048542
61 0.960883 0.708167 0.078047 0.078167
61 0.489859 0.506052 0.014219 0.019688
