0 0.746421568627451 0.36398692810457517 0.2311764705882353 0.5475980392156863
0 0.6317483660130719 0.3505228758169935 0.15759803921568627 0.5602941176470588
0 0.4089052287581699 0.3934313725490196 0.14308823529411763 0.5488562091503267
0 0.2437908496732026 0.38995098039215687 0.18509803921568627 0.5711111111111111
0 0.0561764705882353 0.3348366013071895 0.19326797385620914 0.6404411764705882
0 0.5029248366013073 0.32666666666666666 0.0846078431372549 0.1845261437908497
0 0.5483169934640523 0.1595424836601307 0.24269607843137256 0.3325980392156863
0 0.5362745098039216 0.3940196078431372 0.14084967320261438 0.5411437908496732
0 0.08501633986928105 0.09088235294117647 0.27666666666666667 0.8156209150326797
0 0.2649346405228758 0.3376633986928105 0.15325163398692812 0.19740196078431374
