0 0.379703125 0.43243559718969554 0.1965625 0.2824355971896955
0 0.47078125000000004 0.43594847775175644 0.18890625 0.2966276346604215
0 0.515796875 0.1638407494145199 0.095015625 0.3222248243559719
0 0.42954687500000005 0.16138173302107728 0.08842187500000001 0.34543325526932084
0 0.277625 0.18152224824355973 0.04925 0.17449648711943794
0 0.10890625000000001 0.2233489461358314 0.08296875000000001 0.2859484777517564
0 0.09182812500000001 0.144192037470726 0.0566875 0.13625292740046838
0 0.191859375 0.062412177985948475 0.064609375 0.23377049180327866
0 0.020374999999999997 0.18990632318501172 0.049640625 0.15587822014051522
0 0.000609375 0.19416861826697893 0.018671874999999998 0.15185011709601876
