0 0.7864018691588784 0.692265625 0.15271028037383177 0.23759375
0 0.10065420560747664 0.140625 0.08492990654205608 0.116796875
0 0.48184579439252334 0.21890625 0.08742990654205608 0.062281249999999996
0 0.16598130841121497 0.4775625 0.07724299065420562 0.074171875
0 0.4510747663551402 0.48814062500000005 0.0947429906542056 0.06428125
0 0.40408878504672896 0.45382812499999997 0.03411214953271028 0.0364375
0 0.3694859813084112 0.48415625 0.07107476635514019 0.071578125
0 0.6325934579439252 0.22370312499999997 0.054112149532710284 0.04240625
0 0.2411214953271028 0.653296875 0.19233644859813082 0.19453125
0 0.28871495327102803 0.4886875 0.06212616822429907 0.06521875
0 0.5218691588785047 0.447953125 0.062196261682242994 0.067484375
0 0.6275233644859812 0.437875 0.06761682242990655 0.04065625
0 0.7185981308411215 0.26375000000000004 0.06691588785046729 0.03125
0 0.0 0.0 0.9976635514018691 0.715625
