0 0.61138 0.011424870466321244 0.06594 0.12810880829015545
0 0.69452 0.035518134715025906 0.082 0.1638082901554404
0 0.34756 0.05761658031088082 0.040119999999999996 0.07854922279792746
0 0.8480599999999999 0.0004145077720207254 0.12279999999999999 0.2566839378238342
0 0.30972000000000005 0.0383419689119171 0.01478 0.04743523316062176
0 0.33304 0.034248704663212434 0.01202 0.024274611398963728
0 0.40212 0.034766839378238344 0.01802 0.03940414507772021
0 0.41562 0.0377720207253886 0.00954 0.04259067357512954
0 0.14158 0.03727979274611399 0.04482 0.09660621761658031
0 0.18928 0.04829015544041451 0.04846 0.08601036269430053
0 0.97534 0.04525906735751295 0.02466 0.12489637305699482
0 0.28698 0.05202072538860103 0.01764 0.015129533678756477
