61 0.706164 0.929215 0.161922 0.11459
61 0.123219 0.921171 0.14125 0.137377
0 0.073359 0.790632 0.1465 0.418735
0 0.167273 0.655984 0.107609 0.283302
0 0.222648 0.784262 0.187422 0.404496
61 0.309297 0.70452 0.030125 0.105527
0 0.601969 0.76966 0.286375 0.4337
0 0.809617 0.76966 0.164922 0.460679
0 0.020945 0.597564 0.041891 0.192319
0 0.60843 0.630796 0.062109 0.269461
0 0.824609 0.667307 0.239438 0.406979
0 0.468531 0.631464 0.154438 0.220211
61 0.902805 0.844426 0.067703 0.207026
61 0.463586 0.646745 0.117641 0.014895
