0 0.6968125 0.453864168618267 0.013328125 0.08149882903981263
0 0.7294375 0.4578688524590164 0.030953124999999998 0.11920374707259952
0 0.710015625 0.456440281030445 0.016359375000000002 0.08067915690866512
0 0.66253125 0.4398594847775176 0.020109375 0.0864871194379391
0 0.590046875 0.4363934426229508 0.037640625 0.08227166276346605
0 0.070546875 0.438384074941452 0.019609375000000002 0.08587822014051523
0 0.199859375 0.44763466042154565 0.006203125 0.028946135831381732
0 0.68621875 0.45412177985948476 0.013640625 0.07833723653395785
0 0.7313125 0.4566744730679157 0.007703125 0.025854800936768146
0 0.4875625 0.44423887587822014 0.027046874999999998 0.06737704918032787
0 0.613203125 0.48768149882903983 0.010125 0.02477751756440281
0 0.633203125 0.4403512880562061 0.03665625 0.08337236533957845
0 0.7223437500000001 0.46625292740046836 0.01021875 0.023864168618266977
