0 0.006500000000000001 0.5131775700934579 0.037515625000000004 0.0980841121495327
0 0.069515625 0.523481308411215 0.05103124999999999 0.13792056074766357
0 0.542640625 0.5359813084112149 0.036546875 0.09233644859813085
0 0.446984375 0.49689252336448597 0.028859375 0.1333177570093458
0 0.6963125 0.5651869158878505 0.01634375 0.056471962616822434
0 0.863109375 0.5321728971962617 0.045906249999999996 0.08247663551401868
0 0.844921875 0.5450700934579439 0.02165625 0.032850467289719625
0 0.93203125 0.5180841121495328 0.023296875 0.12163551401869159
0 0.0396875 0.5222429906542057 0.03496875 0.09614485981308411
0 0.57275 0.5310981308411215 0.036843749999999995 0.12679906542056074
0 0.7425625 0.5770794392523365 0.01121875 0.009065420560747663
0 0.086765625 0.4085046728971963 0.041078125 0.13485981308411216
