0 0.26446875 0.4880046948356807 0.25382812499999996 0.3013380281690141
0 0.80921875 0.008990610328638498 0.07778125 0.0831455399061033
0 0.729140625 0.0002112676056338028 0.090765625 0.08342723004694835
0 0.8865000000000001 0.001948356807511737 0.081140625 0.1284037558685446
0 0.356890625 0.0 0.13440625 0.2806572769953052
0 0.490046875 0.0016666666666666666 0.0536875 0.1257981220657277
0 0.641546875 0.0 0.072046875 0.0978169014084507
0 0.71403125 0.0002112676056338028 0.05021875 0.09450704225352112
0 0.538171875 0.0 0.06678125 0.12093896713615024
0 0.586890625 0.0 0.06576562500000001 0.03880281690140845
