0 0.011796875 0.42220833333333335 0.198875 0.4494375
0 0.7213437500000001 0.27416666666666667 0.09775 0.27414583333333337
0 0.655625 0.17752083333333332 0.062359374999999995 0.2045
0 0.35554687500000004 0.21216666666666667 0.112625 0.31074999999999997
0 0.789875 0.20072916666666665 0.093515625 0.3519583333333333
0 0.335484375 0.09389583333333333 0.045125 0.05566666666666666
0 0.532140625 0.23291666666666666 0.10814062499999999 0.26962499999999995
0 0.88203125 0.16766666666666669 0.0785 0.3892916666666667
0 0.9419375000000001 0.19995833333333335 0.058062499999999996 0.26252083333333337
0 0.6067812499999999 0.164 0.0404375 0.07652083333333333
0 0.428046875 0.20758333333333334 0.062546875 0.14070833333333335
0 0.439453125 0.16177083333333334 0.045625 0.06083333333333333
