0 0.846602 0.530905 0.302641 0.912353
0 0.12068 0.655441 0.199734 0.685
1 0.232523 0.581708 0.089797 0.221154
1 0.291883 0.583733 0.133797 0.226516
1 0.538633 0.534061 0.094484 0.120611
1 0.427562 0.902998 0.225031 0.170792
1 0.519188 0.938326 0.177531 0.123348
0 0.713242 0.517738 0.131484 0.204977
1 0.881953 0.899751 0.071594 0.200498
1 0.986125 0.51819 0.02775 0.096109
1 0.511195 0.730735 0.209078 0.304593
1 0.638188 0.532715 0.075031 0.119502
1 0.357617 0.646889 0.113734 0.085633
1 0.37607 0.605577 0.059078 0.031244
