0 0.25106 0.6852076677316294 0.02016 0.08635782747603835
0 0.37482 0.6409584664536742 0.0188 0.06038338658146965
0 0.5739 0.6436102236421725 0.01252 0.04511182108626198
0 0.48062 0.6910543130990415 0.0159 0.06354632587859425
0 0.6914199999999999 0.656996805111821 0.0145 0.03690095846645368
0 0.7825 0.6703194888178914 0.01438 0.06853035143769967
0 0.9106599999999999 0.6435782747603834 0.01176 0.053993610223642165
0 0.4773 0.6479552715654953 0.011380000000000001 0.06083067092651757
0 0.2606 0.6605431309904153 0.02258 0.021150159744408946
0 0.33568000000000003 0.632332268370607 0.018879999999999997 0.06977635782747604
0 0.1464 0.6650159744408946 0.02622 0.07095846645367412
0 0.35054 0.6505111821086262 0.01822 0.05453674121405751
0 0.42960000000000004 0.6475399361022365 0.01592 0.042619808306709264
0 0.234 0.6837060702875399 0.016 0.06070287539936102
