0 0.5814843749999999 0.38661971830985914 0.039515625 0.09809859154929577
0 0.7751718750000001 0.42492957746478877 0.02584375 0.049248826291079816
0 0.8526875 0.4434037558685446 0.040453125 0.03056338028169014
0 0.71346875 0.38237089201877933 0.025281249999999998 0.028028169014084506
0 0.32125 0.3760093896713615 0.01653125 0.040469483568075115
0 0.26790625 0.39265258215962445 0.03821875 0.0539906103286385
0 0.21959374999999998 0.3967370892018779 0.03290625 0.056713615023474176
0 0.6607968750000001 0.4213380281690141 0.01875 0.03539906103286385
0 0.03815625 0.44830985915492955 0.02784375 0.04723004694835681
0 0.14896875 0.3859154929577465 0.024203125 0.05471830985915493
0 0.8578749999999999 0.3673708920187793 0.02371875 0.03471830985915493
0 0.4055625 0.3980985915492958 0.014734375 0.062018779342723006
0 0.2425 0.38971830985915495 0.014515624999999999 0.022136150234741782
0 0.0375 0.392018779342723 0.403125 0.025821596244131457
