0 0.39384375 0.2350772626931567 0.103390625 0.4749006622516556
0 0.7789531249999999 0.2375055187637969 0.07690625 0.21101545253863135
0 0.5520937499999999 0.2115673289183223 0.053437500000000006 0.18642384105960266
0 0.268140625 0.20271523178807946 0.07523437499999999 0.2206401766004415
0 0.87090625 0.19951434878587196 0.08709375 0.31991169977924944
0 0.47346875 0.13626931567328918 0.37940625 0.8490949227373068
0 0.018890625 0.3505077262693157 0.10275000000000001 0.14306843267108169
0 0.182890625 0.2359823399558499 0.08687500000000001 0.16130242825607063
0 0.389515625 0.19534216335540838 0.096765625 0.2092935982339956
0 0.3365 0.21799116997792495 0.03771875 0.11165562913907284
0 0.34945312500000003 0.22527593818984548 0.060250000000000005 0.12905077262693157
0 0.07621875 0.22059602649006624 0.12246874999999999 0.17642384105960265
0 0.2140625 0.18763796909492272 0.784375 0.26048565121412803
