0 0.645890625 0.5955123674911661 0.24046875 0.4044876325088339
0 0.537828125 0.1658480565371025 0.084375 0.159434628975265
0 0.379953125 0.0672791519434629 0.12698437499999998 0.22895759717314487
0 0.44318749999999996 0.6532508833922261 0.26034375 0.3303356890459364
0 0.228546875 0.6831448763250884 0.234515625 0.3056183745583039
0 0.17921875 0.2184452296819788 0.142453125 0.2094876325088339
0 0.3075 0.22692579505300353 0.144921875 0.22247349823321555
0 0.391046875 0.20579505300353357 0.077078125 0.15895759717314487
0 0.495515625 0.2138339222614841 0.078828125 0.0938339222614841
0 0.18609375 0.3920671378091873 0.150703125 0.5766254416961131
0 0.011921875 0.3618021201413428 0.2066875 0.6269611307420495
0 0.452265625 0.38257950530035334 0.18665625 0.4140636042402827
0 0.8314999999999999 0.6587102473498233 0.1685 0.3308657243816255
0 0.0296875 0.0088339222614841 0.9390625 0.931095406360424
