0 0.25093896713615027 0.292171875 0.3588028169014084 0.56584375
0 0.453755868544601 0.31823437499999996 0.15258215962441316 0.171078125
0 0.7642488262910798 0.4499375 0.14725352112676054 0.26740624999999996
0 0.7470422535211267 0.400296875 0.0592018779342723 0.083921875
0 0.7836619718309858 0.34557812499999996 0.020680751173708923 0.055625
0 0.6102347417840375 0.3283125 0.06605633802816901 0.08471875
0 0.7003990610328639 0.33178125 0.04 0.051484375000000006
0 0.6739436619718311 0.31660937499999997 0.03166666666666667 0.064328125
0 0.5688262910798122 0.373234375 0.08241784037558686 0.12157812500000001
0 0.5860328638497653 0.315890625 0.052018779342723004 0.07203125
0 0.5293427230046949 0.276796875 0.050633802816901406 0.0716875
0 0.8416431924882629 0.354703125 0.027582159624413145 0.0429375
0 0.510093896713615 0.2709375 0.04812206572769953 0.052265625
0 0.2887323943661972 0.16875 0.5751173708920188 0.5953125
