0 0.6586000000000001 0.5292215568862275 0.04354 0.19550898203592815
0 0.77238 0.6049401197604791 0.07402 0.10167664670658683
0 0.79844 0.5676646706586826 0.08688 0.1277245508982036
0 0.42272000000000004 0.6689820359281438 0.01796 0.04574850299401197
0 0.51598 0.6787724550898204 0.00694 0.015538922155688624
0 0.94056 0.6330239520958084 0.0292 0.07922155688622755
0 0.96286 0.6469461077844312 0.022699999999999998 0.029940119760479042
0 0.55616 0.6354191616766467 0.02222 0.06125748502994012
0 0.62088 0.6269461077844312 0.01426 0.04497005988023952
0 0.048659999999999995 0.7178443113772455 0.0125 0.03535928143712575
0 0.21875999999999998 0.5875748502994012 0.011779999999999999 0.035658682634730536
0 0.6293200000000001 0.6497005988023952 0.0123 0.04152694610778443
0 0.262 0.6766467065868264 0.166 0.0658682634730539
