0 0.952375 0.5053364269141531 0.042046875 0.18359628770301623
0 0.90096875 0.4986078886310905 0.04 0.18645011600928074
0 0.942546875 0.48649651972157776 0.035359375 0.19394431554524363
0 0.8305312499999999 0.47303944315545243 0.030375000000000003 0.16508120649651972
0 0.43189062500000003 0.25883990719257544 0.026640625 0.09443155452436196
0 0.9764843750000001 0.4845939675174014 0.014265625 0.04522041763341067
0 0.6300625 0.2694895591647332 0.016828125 0.04904872389791184
0 0.46715625000000005 0.25835266821345704 0.015390625 0.09501160092807426
0 0.477828125 0.2465429234338747 0.01959375 0.051856148491879354
0 0.573796875 0.25278422273781903 0.02653125 0.08074245939675173
0 0.382578125 0.2708816705336427 0.02065625 0.08180974477958236
