0 0.0449375 0.48470312499999996 0.33558333333333334 0.384265625
0 0.049124999999999995 0.3153125 0.17229166666666668 0.08396875000000001
0 0.14014583333333333 0.270015625 0.06972916666666666 0.091
0 0.18091666666666667 0.277625 0.05654166666666667 0.049140625
0 0.2539166666666667 0.29653125 0.066 0.063203125
0 0.3535625 0.2555 0.06591666666666667 0.105609375
0 0.6486458333333334 0.210578125 0.04504166666666667 0.128390625
0 0.6819791666666667 0.266953125 0.067125 0.0774375
0 0.8560625000000001 0.19532812500000002 0.11860416666666666 0.26242187499999997
0 0.5741458333333332 0.3024375 0.03066666666666667 0.01846875
0 0.3215 0.303015625 0.034208333333333334 0.05821875
0 0.206125 0.30270312499999996 0.09912499999999999 0.084734375
0 0.41441666666666666 0.31971875 0.246375 0.490796875
0 0.04583333333333333 0.225 0.5979166666666667 0.1296875
