0 0.19368852459016392 0.04409375 0.6322745901639345 0.9138437500000001
0 0.00034836065573770494 0.24159375 0.08711065573770492 0.115234375
0 0.08059426229508196 0.238640625 0.10895491803278688 0.148625
0 0.6385450819672132 0.2370625 0.06426229508196721 0.07878125
0 0.5803073770491803 0.230515625 0.04799180327868853 0.090078125
0 0.557561475409836 0.148203125 0.06307377049180328 0.08492187500000001
0 0.6151024590163935 0.14003125 0.04469262295081967 0.108421875
0 0.06618852459016393 0.21349999999999997 0.043750000000000004 0.035171875000000005
0 0.048299180327868854 0.242546875 0.05403688524590164 0.082421875
0 0.10706967213114754 0.21575000000000003 0.027684426229508195 0.030515625
0 0.6893442622950819 0.234375 0.07590163934426229 0.117390625
0 0.9442213114754098 0.30471875000000004 0.054672131147540985 0.130140625
