0 0.49548437500000003 0.3577934272300469 0.196 0.38481220657277
0 0.644515625 0.39077464788732397 0.1645625 0.38626760563380286
0 0.80990625 0.33401408450704223 0.13940625 0.2473474178403756
0 0.27246875 0.28619718309859155 0.025984374999999997 0.09661971830985915
0 0.242390625 0.33234741784037564 0.034140625 0.04401408450704225
0 0.40532812500000004 0.33880281690140845 0.02346875 0.0481924882629108
0 0.211015625 0.21718309859154927 0.02815625 0.06821596244131455
0 0.3979375 0.2823943661971831 0.0305 0.06969483568075117
0 0.43200000000000005 0.2774882629107981 0.029515625 0.07762910798122066
0 0.815328125 0.3081455399061033 0.15609375 0.3477230046948357
0 0.420109375 0.33875586854460094 0.019578125 0.04619718309859155
0 0.31184375000000003 0.28732394366197184 0.02359375 0.09612676056338029
0 0.347328125 0.2862910798122066 0.0185 0.07640845070422535
0 0.0328125 0.19953051643192488 0.9609375 0.19248826291079812
