0 0.21090625 0.038192488262910794 0.680578125 0.9483333333333334
0 0.16304687499999998 0.006737089201877934 0.23334375000000002 0.6943896713615023
0 0.34553124999999996 0.03201877934272301 0.1765 0.5370892018779343
0 0.784734375 0.13913145539906105 0.1280625 0.386924882629108
0 0.8750312499999999 0.17753521126760563 0.12496875 0.8089906103286385
0 0.47565625 0.05169014084507042 0.339546875 0.9348356807511737
0 0.1119375 0.005985915492957746 0.125359375 0.4573943661971831
0 0.090234375 0.0020657276995305163 0.102578125 0.3082159624413146
0 0.000734375 0.0007276995305164319 0.05014062500000001 0.2054225352112676
0 0.031140624999999998 0.01556338028169014 0.064875 0.24598591549295776
