0 0.7475644028103045 0.764546875 0.06002341920374707 0.045546875
0 0.11880562060889929 0.754921875 0.04548009367681499 0.036515625
0 0.4065339578454333 0.739640625 0.014707259953161593 0.018921874999999998
0 0.10370023419203747 0.7381875 0.009976580796252927 0.018203125
0 0.0776112412177986 0.73625 0.012060889929742389 0.0208125
0 0.08730679156908665 0.73775 0.007049180327868852 0.019203124999999998
0 0.5454566744730679 0.74903125 0.010398126463700235 0.01071875
0 0.06334894613583138 0.746359375 0.013676814988290398 0.012765625
0 0.07407494145199063 0.7493593749999999 0.006721311475409836 0.0034687500000000005
0 0.7809836065573771 0.736046875 0.01737704918032787 0.020703125
0 0.02360655737704918 0.737 0.016440281030444964 0.019296874999999998
