0 0.167140625 0.33708235294117644 0.49243750000000003 0.6629176470588235
0 0.31165625 0.3704705882352941 0.0905625 0.5128941176470588
0 0.08785937499999999 0.4628 0.09871875 0.28463529411764704
0 0.022593750000000003 0.5523764705882352 0.040671875 0.13670588235294118
0 0.707734375 0.4485176470588235 0.12257812500000001 0.4109882352941176
0 0.8383125 0.5377411764705882 0.04084375 0.17374117647058823
0 0.8995312500000001 0.5486823529411765 0.03771875 0.16508235294117646
0 0.638 0.5526823529411764 0.028578125 0.10759999999999999
0 0.656265625 0.5669411764705882 0.03796875 0.10974117647058823
0 0.623828125 0.6296470588235294 0.0510625 0.12496470588235294
0 0.220671875 0.5455058823529412 0.019984375 0.08705882352941176
0 0.7887187499999999 0.5455058823529412 0.037140625 0.16536470588235294
0 0.955953125 0.565435294117647 0.03153125 0.15788235294117645
