0 0.577515625 0.6409374999999999 0.11664062500000001 0.3474583333333333
0 0.15140625000000002 0.4295208333333333 0.085765625 0.36356249999999996
0 0.048625 0.41883333333333334 0.11074999999999999 0.407375
0 0.24571874999999999 0.4923125 0.058062499999999996 0.2700416666666667
0 0.307171875 0.452625 0.091171875 0.31077083333333333
0 0.776734375 0.5236875 0.033078125 0.126
0 0.42381250000000004 0.48112499999999997 0.056906250000000005 0.09629166666666666
0 0.8364375000000001 0.5151458333333333 0.028640624999999996 0.11733333333333333
0 0.5344375 0.4874583333333333 0.05434375 0.20606249999999998
0 0.4663125 0.4888958333333333 0.0658125 0.22433333333333336
0 0.575015625 0.4860625 0.045015625 0.08777083333333334
0 0.61953125 0.5068750000000001 0.026718750000000003 0.06572916666666667
0 0.6431875 0.4985 0.01509375 0.04579166666666667
0 0.36875 0.4354166666666667 0.6296875 0.33958333333333335
