0 0.232390625 0.3168618266978923 0.370328125 0.662903981264637
0 0.601703125 0.40473067915690863 0.398296875 0.5944262295081967
0 0.003 0.33932084309133487 0.310359375 0.6471896955503513
0 0.163578125 0.37911007025761123 0.094296875 0.3537704918032787
0 0.56440625 0.36002341920374703 0.108640625 0.2854098360655738
0 0.24148437500000003 0.3791334894613583 0.094859375 0.13292740046838408
0 0.681828125 0.3722950819672131 0.053703125 0.13007025761124122
0 0.653765625 0.42814988290398126 0.08015625 0.10742388758782201
0 0.718328125 0.36756440281030445 0.0681875 0.1404215456674473
0 0.147796875 0.3618735362997658 0.05746875 0.1673536299765808
0 0.000921875 0.4311241217798595 0.043484375 0.1329976580796253
