0 0.43289062500000003 0.32007042253521123 0.1525625 0.2561971830985916
0 0.6072968750000001 0.26741784037558686 0.2841875 0.7213380281690142
0 0.191453125 0.06741784037558685 0.086765625 0.364037558685446
0 0.617765625 0.2719014084507042 0.07029687500000001 0.1797887323943662
0 0.42279687499999996 0.11119718309859154 0.051312500000000004 0.12884976525821595
0 0.5152187500000001 0.0868075117370892 0.08565625 0.4274413145539906
0 0.28718750000000004 0.11460093896713615 0.0658125 0.2651643192488263
0 0.35176562499999997 0.11746478873239437 0.07259375 0.24880281690140843
0 0.68759375 0.241924882629108 0.032968750000000005 0.05868544600938967
0 0.378359375 0.5074647887323944 0.351828125 0.49253521126760563
0 0.7748125 0.2588967136150235 0.123015625 0.24481220657276997
0 0.001359375 0.13953051643192488 0.12467187500000002 0.33739436619718305
0 0.0015625 0.02112676056338028 0.996875 0.5563380281690141
