61 0.262609 0.740858 0.512375 0.492469
61 0.742836 0.350429 0.066141 0.149017
61 0.822461 0.42296 0.148609 0.288891
61 0.976617 0.399268 0.046766 0.185858
61 0.21957 0.380439 0.097922 0.144561
61 0.69768 0.325408 0.040078 0.129854
61 0.033727 0.422584 0.067453 0.161276
61 0.298281 0.653515 0.138844 0.1859
0 0.483211 0.203525 0.019484 0.050774
0 0.514492 0.215052 0.048328 0.112364
0 0.656695 0.241517 0.037672 0.146213
0 0.974437 0.233944 0.051125 0.116381
0 0.461727 0.240335 0.038453 0.165439
61 0.508414 0.31545 0.117422 0.090314
61 0.993242 0.391611 0.013516 0.025063
0 0.673875 0.245858 0.035313 0.146485
0 0.534023 0.188033 0.016422 0.019665
0 0.411531 0.260743 0.034656 0.187678
0 0.624516 0.253766 0.027781 0.132971
0 0.396813 0.264174 0.047906 0.168556
61 0.812211 0.282521 0.035984 0.04069
