0 0.256203125 0.015335689045936395 0.15065625 0.2843992932862191
0 0.24060937500000001 0.24498233215547702 0.031015625 0.05846289752650177
0 0.049703125 0.2554416961130742 0.019265625 0.07100706713780919
0 0.12871875 0.2558657243816254 0.03075 0.04443462897526502
0 0.161375 0.24651943462897527 0.02390625 0.05015901060070672
0 0.947328125 0.2874911660777385 0.022828124999999998 0.02166077738515901
0 0.18346875 0.2667844522968198 0.021078125 0.030229681978798585
0 0.10398437499999999 0.26402826855123673 0.012109375 0.052279151943462894
0 0.23065625 0.268922261484099 0.013328125 0.032190812720848054
0 0.11434375000000001 0.2651060070671378 0.009578125 0.06425795053003533
0 0.26246875 0.2636749116607774 0.016843749999999998 0.04337455830388693
0 0.0975 0.2708127208480565 0.010390625 0.0303356890459364
0 0.192890625 0.2442756183745583 0.043953124999999996 0.05609540636042403
0 0.0046875 0.26501766784452296 0.6640625 0.08833922261484099
