0 0.8746933333333333 0.59376 0.12530666666666668 0.40624
0 0.8479733333333334 0.5885199999999999 0.027253333333333334 0.06458
0 0.8091466666666667 0.57998 0.023253333333333334 0.06709999999999999
0 0.7932266666666666 0.5790599999999999 0.020986666666666667 0.07068
0 0.7806933333333334 0.57402 0.01813333333333333 0.07052
0 0.8834933333333334 0.59258 0.036346666666666666 0.06386
0 0.57168 0.5456 0.019119999999999998 0.05534
0 0.5529866666666666 0.5442 0.014773333333333333 0.0511
0 0.72696 0.56328 0.017466666666666665 0.06486
0 0.5406666666666666 0.5385800000000001 0.018106666666666667 0.04498
0 0.4749066666666667 0.52712 0.014293333333333335 0.03602
0 0.43821333333333334 0.5169600000000001 0.016453333333333334 0.04444
0 0.15466666666666667 0.472 0.4666666666666667 0.14
