0 0.287484375 0.38148535564853553 0.07584375 0.3151673640167364
0 0.09796875000000001 0.3700418410041841 0.100171875 0.4176359832635983
0 0.45714062499999997 0.40956066945606695 0.045187500000000005 0.15481171548117154
0 0.414828125 0.4200418410041841 0.051703125 0.1734100418410042
0 0.39971875 0.41629707112970715 0.019234375 0.0399581589958159
0 0.030953124999999998 0.36520920502092047 0.08659375 0.3733682008368201
0 0.33225 0.3975523012552301 0.118203125 0.3260669456066946
0 0.788796875 0.4130753138075314 0.032218750000000004 0.03682008368200837
0 0.288734375 0.40702928870292887 0.028218749999999997 0.12165271966527197
0 0.19243749999999998 0.41372384937238493 0.031406250000000004 0.11956066945606694
