0 0.01759375 0.5737236533957846 0.050375 0.12969555035128807
0 0.062703125 0.5782435597189696 0.048625 0.12470725995316159
0 0.433296875 0.21348946135831381 0.173921875 0.44943793911007024
0 0.633828125 0.49304449648711945 0.054671875 0.15735362997658078
0 0.74815625 0.4606791569086651 0.053968749999999996 0.22245901639344262
0 0.17196875 0.5703981264637003 0.030515625 0.09908665105386417
0 0.6836875 0.4375175644028103 0.076453125 0.330327868852459
0 0.4324375 0.5342154566744731 0.044625 0.1669320843091335
0 0.17489062500000002 0.6736299765807963 0.061921875 0.10571428571428572
0 0.11665624999999999 0.609695550351288 0.055625 0.12442622950819673
0 0.8599375 0.36597189695550353 0.086734375 0.17637002341920374
0 0.9080625 0.251943793911007 0.090125 0.6935128805620608
0 0.249859375 0.5911709601873536 0.031296875 0.07168618266978923
0 0.0109375 0.30679156908665106 0.9546875 0.5245901639344263
