0 0.23406249999999998 0.575515625 0.0171875 0.025374999999999998
0 0.7537916666666666 0.534265625 0.007416666666666667 0.01834375
0 0.194 0.5465 0.012520833333333333 0.01675
0 0.5644166666666667 0.550609375 0.012437499999999999 0.01865625
0 0.93175 0.503203125 0.007125 0.0138125
0 0.7393333333333333 0.50790625 0.0060416666666666665 0.008515625
0 0.8803333333333333 0.504390625 0.0037291666666666667 0.012203124999999999
0 0.9054791666666666 0.496859375 0.007333333333333333 0.00946875
0 0.8566666666666667 0.491203125 0.008416666666666666 0.012
0 0.8096041666666667 0.4994375 0.0066458333333333335 0.010484375
0 0.15202083333333333 0.5089375 0.01954166666666667 0.0078125
0 0.21312499999999998 0.50615625 0.007020833333333334 0.012921875
0 0.08239583333333332 0.51534375 0.0063124999999999995 0.00871875
