0 0.18782089552238806 0.43145999999999995 0.46286567164179104 0.3573
0 0.7424776119402985 0.42256 0.14164179104477612 0.12897999999999998
0 0.6600895522388059 0.4372 0.12265671641791046 0.11368
0 0.6992835820895522 0.40134 0.08713432835820896 0.060039999999999996
0 0.6891641791044776 0.37495999999999996 0.07614925373134329 0.08031999999999999
0 0.20549253731343284 0.46734 0.12361194029850746 0.07264
0 0.1678805970149254 0.49468 0.04949253731343283 0.04014
0 0.09035820895522388 0.44412 0.039850746268656714 0.09536
0 0.5762686567164179 0.29574 0.13023880597014925 0.10790000000000001
0 0.5937313432835821 0.2105 0.05197014925373134 0.08062000000000001
0 0.5209850746268657 0.20226 0.07617910447761193 0.11362
0 0.45794029850746265 0.44406 0.09605970149253731 0.05174
0 0.4665373134328358 0.2119 0.06367164179104477 0.10828
0 0.0029850746268656717 0.166 0.9940298507462687 0.424
