0 0.274984375 0.08220140515222482 0.46734375000000006 0.9054098360655738
0 0.591 0.06901639344262295 0.050375 0.11292740046838408
0 0.673546875 0.0377751756440281 0.060125 0.11836065573770492
0 0.387578125 0.08304449648711944 0.06146875 0.07852459016393443
0 0.0 0.10735362997658081 0.07965625 0.21793911007025762
0 0.421296875 0.12807962529274003 0.07796875 0.11911007025761124
0 0.293203125 0.01793911007025761 0.073296875 0.3407962529274005
0 0.43224999999999997 0.06182669789227166 0.0380625 0.08939110070257611
0 0.333796875 0.0 0.059796875000000006 0.17255269320843092
0 0.40625 0.0 0.06496874999999999 0.09646370023419203
0 0.92034375 0.05440281030444965 0.07965625 0.1346135831381733
0 0.906625 0.18405152224824356 0.092171875 0.3028337236533958
0 0.0015625 0.0 0.8484375 0.28337236533957844
