0 0.39419277108433737 0.397609375 0.12448192771084336 0.18160937500000002
0 0.5265301204819277 0.39445312499999996 0.04183132530120482 0.041703125
0 0.5692289156626505 0.3934375 0.05448192771084337 0.057906250000000006
0 0.9151084337349397 0.396625 0.041975903614457834 0.0735625
0 0.27590361445783135 0.36979687499999997 0.049108433734939755 0.122078125
0 0.6484337349397591 0.39559375 0.03872289156626506 0.0404375
0 0.9418795180722891 0.3953125 0.02053012048192771 0.036828125
0 0.4934457831325301 0.39803125 0.05327710843373494 0.041015625
0 0.682722891566265 0.3870625 0.016433734939759036 0.0478125
0 0.05737349397590361 0.43667187500000004 0.14262650602409638 0.15437499999999998
0 0.1906746987951807 0.393609375 0.043156626506024094 0.10245312499999999
0 0.0 0.368703125 0.060481927710843375 0.20417187499999997
0 0.8701927710843373 0.4086875 0.011807228915662651 0.03215625
0 0.41927710843373495 0.3890625 0.03614457831325301 0.0296875
