0 0.37753125 0.42472916666666666 0.182015625 0.5595416666666666
0 0.369484375 0.45060416666666664 0.030359375 0.13683333333333333
0 0.6092500000000001 0.46789583333333334 0.066765625 0.14183333333333334
0 0.20921875 0.48212499999999997 0.0395625 0.091625
0 0.559984375 0.470125 0.030546875 0.1184375
0 0.34653125 0.4856875 0.027390625000000002 0.09131249999999999
0 0.39464062499999997 0.457 0.026140625 0.10970833333333332
0 0.58275 0.48410416666666667 0.0301875 0.09716666666666667
0 0.14009375 0.49618749999999995 0.03525 0.09441666666666666
0 0.0008437500000000001 0.4643541666666666 0.008328125 0.10283333333333333
0 0.039734375 0.454125 0.031328125 0.14022916666666668
0 0.104203125 0.46275 0.04403125 0.11835416666666668
0 0.00571875 0.4444166666666666 0.046046875 0.17816666666666667
