0 0.17202 0.35152 0.07708 0.27408
0 0.45226 0.39605333333333337 0.0877 0.23279999999999998
0 0.28164 0.4631466666666667 0.07615999999999999 0.17104
0 0.45714 0.19728 0.0407 0.08949333333333334
0 0.19936 0.08528 0.03824 0.08821333333333332
0 0.27686 0.34213333333333334 0.053840000000000006 0.16330666666666668
0 0.23382 0.13970666666666667 0.038020000000000005 0.08530666666666666
0 0.27104 0.10645333333333334 0.04002 0.08952
0 0.24522 0.4672266666666667 0.03136 0.03717333333333333
0 0.24864 0.022026666666666667 0.05602 0.08232
0 0.27762 0.028506666666666666 0.0494 0.07490666666666666
0 0.40446 0.14722666666666667 0.03138 0.0728
0 0.38377999999999995 0.15368 0.033100000000000004 0.08746666666666666
0 0.002 0.037333333333333336 0.994 0.4826666666666667
