0 0.19475 0.5645208333333334 0.02590625 0.12620833333333334
0 0.402875 0.5477708333333333 0.032875 0.1179375
0 0.8667031250000001 0.5567291666666667 0.10978125000000001 0.24395833333333333
0 0.9450312500000001 0.5519791666666667 0.038406249999999996 0.09372916666666667
0 0.663953125 0.5573958333333333 0.0374375 0.08960416666666667
0 0.047843750000000004 0.572 0.035875000000000004 0.15181250000000002
0 0.26196875 0.5385833333333333 0.01559375 0.03875
0 0.6485000000000001 0.55225 0.023671875000000002 0.05345833333333334
0 0.6363749999999999 0.5290833333333333 0.0173125 0.06447916666666667
0 0.752484375 0.524625 0.010546875 0.03964583333333334
0 0.21375000000000002 0.564375 0.01503125 0.0791875
0 0.693890625 0.551 0.03359375 0.11022916666666666
0 0.0078125 0.5145833333333333 0.990625 0.16875
