0 0.10666666666666667 0.08159999999999999 0.6229333333333333 0.78728
0 0.026853333333333333 0.07628 0.12528 0.15212
0 0.26096 0.07204 0.13509333333333332 0.17918
0 0.3723733333333333 0.09345999999999999 0.14114666666666667 0.16892
0 0.0013066666666666667 0.16472 0.18962666666666667 0.25651999999999997
0 0.5877066666666666 0.09636 0.13853333333333334 0.16584000000000002
0 0.72328 0.10801999999999999 0.13096 0.15280000000000002
0 0.8512266666666666 0.08292000000000001 0.14357333333333333 0.1789
0 0.4424533333333333 0.013460000000000001 0.14349333333333333 0.13676
0 0.7041333333333334 0.024460000000000003 0.11042666666666666 0.17394
0 0.22981333333333334 0.0 0.12850666666666666 0.13454
0 0.7314133333333332 0.20952 0.21672 0.28648
0 0.48968 0.10132 0.10912000000000001 0.13434000000000001
0 0.0026666666666666666 0.0 0.9946666666666667 0.498
