0 0.607734 0.56626 0.149656 0.291479
0 0.112414 0.808115 0.121047 0.353937
0 0.4805 0.719198 0.192219 0.292479
0 0.540414 0.747781 0.200953 0.376563
0 0.489867 0.103604 0.067578 0.119375
0 0.900336 0.59399 0.114797 0.352854
0 0.755852 0.39299 0.136453 0.299312
0 0.423258 0.457271 0.200922 0.295917
0 0.094828 0.24125 0.104438 0.336583
0 0.150695 0.146604 0.099391 0.276625
0 0.708711 0.746073 0.193828 0.287646
0 0.352359 0.06974 0.071188 0.101104
1 0.307969 0.177125 0.073219 0.123083
1 0.433109 0.189313 0.069312 0.099333
1 0.388875 0.194115 0.071438 0.124896
1 0.479047 0.191875 0.066219 0.078042
1 0.521383 0.206969 0.066016 0.093896
1 0.520117 0.074271 0.026922 0.032167
1 0.565953 0.083948 0.023531 0.032188
1 0.610812 0.09599 0.033531 0.035354
1 0.259234 0.12574 0.02225 0.098563
1 0.351906 0.188833 0.066156 0.133
1 0.846672 0.057385 0.051219 0.065021
0 0.767703 0.250479 0.057063 0.126792
1 0.813508 0.050375 0.027984 0.066708
1 0.764602 0.167854 0.034734 0.047708
0 0.489063 0.190625 0.978125 0.38125
