0 0.6691334894613584 0.493140625 0.18501170960187355 0.40018750000000003
0 0.42044496487119437 0.495515625 0.24044496487119438 0.4225625
0 0.33810304449648715 0.49837499999999996 0.08252927400468385 0.13903125
0 0.3940281030444965 0.494296875 0.056861826697892276 0.130953125
0 0.4460889929742389 0.494546875 0.04264637002341921 0.053953125000000005
0 0.08946135831381734 0.50078125 0.07271662763466043 0.121109375
0 0.028711943793911007 0.5042500000000001 0.06416861826697892 0.088
0 0.31117096018735363 0.50621875 0.025573770491803278 0.032609375
0 0.14168618266978922 0.47334375 0.22704918032786886 0.429625
0 0.5677751756440281 0.50865625 0.10498829039812646 0.275296875
0 0.15096018735362995 0.501578125 0.0685480093676815 0.06059375
