0 0.29175 0.11654687500000001 0.40206250000000004 0.8244843749999999
0 0.6439583333333334 0.37909375 0.1408333333333333 0.177390625
0 0.781875 0.362265625 0.13954166666666667 0.189765625
0 0.8660416666666666 0.29028125 0.10872916666666667 0.1371875
0 0.7144999999999999 0.254359375 0.10708333333333334 0.1549375
0 0.7835 0.21467187499999998 0.071 0.08985937499999999
0 0.5599583333333332 0.38687499999999997 0.09454166666666668 0.17540625
0 0.7327708333333334 0.31946875 0.10568749999999999 0.11737500000000001
0 0.5776041666666667 0.2805 0.1278125 0.106625
0 0.68975 0.159875 0.11925000000000001 0.11742187500000001
0 0.9373541666666667 0.23865625000000001 0.06264583333333333 0.155484375
0 0.8257083333333333 0.179546875 0.05614583333333333 0.07653125
0 0.5984791666666667 0.335984375 0.08091666666666668 0.114109375
0 0.44583333333333336 0.0 0.5520833333333334 0.5625
