0 0.3531875 0.47772916666666665 0.018109375 0.06335416666666667
0 0.40289062500000006 0.4676666666666666 0.068953125 0.20208333333333334
0 0.10653125000000001 0.49622916666666667 0.025281249999999998 0.08933333333333333
0 0.12368749999999999 0.483875 0.04409375 0.1065
0 0.15375 0.4880833333333333 0.0305 0.09679166666666666
0 0.51071875 0.4655416666666667 0.020484375 0.08056250000000001
0 0.5397031250000001 0.3612708333333333 0.11396875 0.38627083333333334
0 0.3745625 0.46954166666666663 0.016625 0.068875
0 0.26096875 0.4875 0.024656249999999998 0.07804166666666666
0 0.327625 0.4814166666666667 0.014296875 0.0719375
0 0.637953125 0.4817708333333333 0.026750000000000003 0.07285416666666666
0 0.31896874999999997 0.477125 0.011453125 0.07283333333333333
0 0.3051875 0.475125 0.016640625 0.07745833333333334
0 0.0015625 0.3958333333333333 0.996875 0.21041666666666667
