0 0.630625 0.08089715536105033 0.197359375 0.7235886214442013
0 0.8112031249999999 0.20818380743982495 0.12567187500000002 0.4447483588621444
0 0.065828125 0.097527352297593 0.353828125 0.902472647702407
0 0.45225 0.33140043763676147 0.096453125 0.20328227571115975
0 0.349953125 0.30794310722100654 0.025796875000000004 0.1039168490153173
0 0.374234375 0.30277899343544856 0.0324375 0.13849015317286653
0 0.51309375 0.31214442013129107 0.029171875000000003 0.1213566739606127
0 0.397703125 0.3326477024070022 0.0689375 0.187636761487965
0 0.3305625 0.3038730853391685 0.023734375 0.08413566739606128
0 0.30140625 0.31111597374179434 0.026375 0.05006564551422319
0 0.047109374999999995 0.38643326039387305 0.06465625 0.533347921225383
0 0.5515 0.3163457330415755 0.020046875 0.07017505470459519
0 0.12859375 0.30409190371991246 0.01603125 0.05483588621444201
