0 0.5321875 0.34246346555323587 0.017765625 0.043298538622129436
0 0.17670312500000002 0.315615866388309 0.022921875 0.048037578288100215
0 0.49954687499999995 0.29695198329853867 0.02628125 0.03480167014613779
0 0.555765625 0.30699373695198334 0.01003125 0.014008350730688936
0 0.5948125 0.3011273486430063 0.005515625 0.009582463465553236
0 0.48462500000000003 0.3376826722338205 0.0135625 0.03881002087682672
0 0.5706249999999999 0.29889352818371606 0.00684375 0.012233820459290189
0 0.874953125 0.2774112734864301 0.00834375 0.011962421711899792
0 0.936984375 0.28764091858037577 0.009156250000000001 0.01338204592901879
0 0.8295468749999999 0.28538622129436325 0.022015625 0.008037578288100209
0 0.883234375 0.2829853862212944 0.010843750000000001 0.011482254697286013
0 0.20800000000000002 0.3577661795407098 0.007828125 0.011482254697286013
