0 0.63878 0.26066869300911855 0.33566 0.7280851063829787
0 0.74202 0.3182066869300912 0.039520000000000007 0.1435562310030395
0 0.67292 0.3070212765957447 0.03218 0.11738601823708206
0 0.65146 0.3131003039513678 0.046200000000000005 0.18006079027355623
0 0.9435800000000001 0.3111854103343465 0.04268 0.18790273556231002
0 0.36562 0.3241945288753799 0.038799999999999994 0.1617933130699088
0 0.318 0.32750759878419455 0.02984 0.14227963525835868
0 0.59138 0.29948328267477203 0.048100000000000004 0.18462006079027357
0 0.10084 0.3178115501519757 0.038060000000000004 0.1980243161094225
0 0.2125 0.3625531914893617 0.05638 0.14565349544072947
0 0.02218 0.3101215805471125 0.034 0.20224924012158058
0 0.05658 0.33148936170212767 0.03154 0.17793313069908814
0 0.7407999999999999 0.2658966565349544 0.013560000000000001 0.04714285714285714
