0 0.19829687499999998 0.32698770491803275 0.191828125 0.6543647540983606
0 0.704234375 0.330327868852459 0.193625 0.6471926229508196
0 0.09126562499999999 0.4455327868852459 0.080265625 0.36620901639344267
0 0.536609375 0.5143647540983607 0.049109375 0.09182377049180328
0 0.60446875 0.4476434426229508 0.094640625 0.37233606557377047
0 0.5794374999999999 0.519344262295082 0.015734375000000002 0.024815573770491803
0 0.563953125 0.5044262295081967 0.015546874999999998 0.024467213114754097
0 0.027140625 0.5029918032786885 0.014374999999999999 0.025327868852459016
0 0.042749999999999996 0.5193647540983606 0.0164375 0.024344262295081968
0 0.5132656250000001 0.5177049180327868 0.016671875 0.01584016393442623
