0 0.142296875 0.5390416666666666 0.08209375 0.27706250000000004
0 0.195734375 0.5520416666666667 0.038234375 0.19060416666666666
0 0.35628125 0.5316041666666667 0.064609375 0.21604166666666666
0 0.761421875 0.5362083333333333 0.07259375 0.23785416666666667
0 0.32515625 0.5508958333333334 0.01665625 0.058708333333333335
0 0.8866093749999999 0.5437083333333333 0.044546875 0.12647916666666667
0 0.9551562499999999 0.5481874999999999 0.038921875 0.1541875
0 0.26584375 0.5555833333333333 0.025640625 0.10660416666666667
0 0.6496562499999999 0.5556249999999999 0.057843750000000006 0.24552083333333333
0 0.719140625 0.5530833333333334 0.0305625 0.09066666666666667
0 0.74371875 0.5449375 0.019015625 0.0955625
0 0.24034375 0.5606458333333334 0.021249999999999998 0.10314583333333333
0 0.0015625 0.008333333333333333 0.940625 0.7875
