0 0.5678125 0.48934375 0.024458333333333335 0.03446875
0 0.7654583333333334 0.47528125 0.10531249999999999 0.124703125
0 0.4502291666666667 0.48607812499999997 0.04560416666666667 0.058921875
0 0.16454166666666667 0.2748125 0.3282083333333333 0.66271875
0 0.1168125 0.483296875 0.0616875 0.08596875000000001
0 0.4953125 0.49439062500000003 0.07727083333333334 0.10390625
0 0.0 0.46375 0.1215625 0.1368125
0 0.06810416666666666 0.46021875 0.013229166666666665 0.00990625
0 0.6059791666666666 0.5136406250000001 0.0616875 0.08396875000000001
0 0.8415625 0.49959375 0.037187500000000005 0.044375
0 0.9196041666666667 0.47796874999999994 0.036270833333333335 0.0656875
0 0.689125 0.463078125 0.09552083333333333 0.133453125
0 0.762625 0.472 0.04814583333333333 0.053578125
0 0.0020833333333333333 0.421875 0.9958333333333333 0.3125
