0 0.638171875 0.17669789227166277 0.090265625 0.21306791569086653
0 0.423109375 0.1214519906323185 0.08328125 0.23348946135831383
0 0.0 0.2393911007025761 0.0300625 0.1566510538641686
0 0.19421875 0.006182669789227166 0.06409375 0.1954566744730679
0 0.619046875 0.0 0.070765625 0.04995316159250585
0 0.0165 0.4247306791569087 0.1004375 0.42920374707259956
0 0.14876562499999998 0.0 0.054421874999999995 0.05667447306791569
0 0.571890625 0.0 0.043640625 0.0895784543325527
0 0.258390625 0.001334894613583138 0.082953125 0.23086651053864168
0 0.9178906250000001 0.0 0.056281250000000005 0.18278688524590164
0 0.061546875 0.15501170960187352 0.08709375 0.23908665105386417
0 0.8387499999999999 0.0 0.074515625 0.18960187353629976
0 0.2625 0.1405152224824356 0.490625 0.7353629976580797
