0 0.5005625 0.30490625 0.03141666666666667 0.098859375
0 0.3953541666666667 0.30659375 0.0539375 0.10984374999999999
0 0.36122916666666666 0.29817187500000003 0.04760416666666667 0.092515625
0 0.37904166666666667 0.2824375 0.03364583333333333 0.098421875
0 0.3225208333333333 0.298046875 0.048125 0.10040625
0 0.6481041666666666 0.3134375 0.05739583333333333 0.11940625
0 0.5583541666666666 0.32090625 0.012437499999999999 0.039
0 0.41225 0.29125 0.06325 0.11192187499999999
0 0.07641666666666666 0.2823125 0.03252083333333333 0.02971875
0 0.024541666666666666 0.28889062499999996 0.029437500000000002 0.050562499999999996
0 0.6042291666666666 0.31478125 0.043729166666666666 0.118109375
0 0.5239583333333333 0.3141875 0.061875 0.11014062499999999
