0 0.40931249999999997 0.3797658079625293 0.167921875 0.5910304449648712
0 0.79815625 0.3945433255269321 0.11417187499999999 0.6054566744730678
0 0.588078125 0.4923887587822014 0.153734375 0.4966510538641686
0 0.6608125 0.13346604215456676 0.065015625 0.14067915690866512
0 0.48128125 0.17079625292740047 0.06296874999999999 0.11234192037470726
0 0.373046875 0.11278688524590164 0.11625 0.15552693208430912
0 0.27046875 0.10814988290398127 0.07559375 0.15646370023419204
0 0.20546875 0.16461358313817331 0.066859375 0.10187353629976581
0 0.524671875 0.17796252927400466 0.06982812499999999 0.10466042154566745
0 0.9356875 0.0935831381733021 0.0643125 0.12016393442622951
0 0.902015625 0.42960187353629975 0.081375 0.19934426229508198
0 0.091890625 0.17159250585480093 0.073171875 0.08913348946135832
0 0.8296250000000001 0.062201405152224824 0.09840625 0.14304449648711942
0 0.0015625 0.00234192037470726 0.996875 0.6252927400468384
