0 0.42703125000000003 0.19614583333333335 0.13674999999999998 0.430375
0 0.39079687500000004 0.19475 0.086734375 0.35433333333333333
0 0.32075 0.33710416666666665 0.118359375 0.20864583333333334
0 0.364171875 0.1915 0.055437499999999994 0.1226875
0 0.3155625 0.22010416666666668 0.069078125 0.09539583333333333
0 0.8898906249999999 0.907875 0.10785937500000001 0.092125
0 0.41428125 0.4483333333333333 0.145078125 0.3170208333333333
0 0.531328125 0.41485416666666663 0.1613125 0.43829166666666663
0 0.29704687500000004 0.44787499999999997 0.156484375 0.4266875
0 0.51509375 0.03258333333333333 0.21446874999999999 0.4588541666666667
