0 0.35090625000000003 0.2928805620608899 0.281640625 0.30927400468384075
0 0.091875 0.01072599531615925 0.230421875 0.23702576112412177
0 0.044203124999999996 0.4626697892271663 0.335546875 0.3895081967213115
0 0.6431875 0.2348009367681499 0.20984375000000002 0.387096018735363
0 0.059109375 0.2788056206088993 0.264828125 0.40894613583138173
0 0.0294375 0.8483372365339579 0.2883125 0.15166276346604216
0 0.0 0.0 0.106609375 0.2080093676814988
0 0.7616875000000001 0.6992505854800937 0.22567187500000002 0.3007494145199063
0 0.401078125 0.1246135831381733 0.154671875 0.17704918032786884
0 0.138015625 0.0 0.191921875 0.20913348946135832
0 0.373875 0.010304449648711944 0.184546875 0.2518969555035129
