0 0.152546875 0.4184543325526932 0.11290625000000001 0.3114285714285714
0 0.317953125 0.4249648711943794 0.088578125 0.40070257611241217
0 0.42604687500000005 0.4408899297423887 0.05746875 0.35686182669789224
0 0.5283125 0.42360655737704916 0.04721875 0.35149882903981267
0 0.593078125 0.4168149882903981 0.066984375 0.33360655737704914
0 0.6717500000000001 0.4029274004683841 0.076171875 0.3558313817330211
0 0.793484375 0.42210772833723653 0.0523125 0.2842622950819672
0 0.742 0.4382201405152225 0.054609375 0.2859484777517564
0 0.9058437500000001 0.42505854800936765 0.084375 0.29096018735362994
0 0.45099999999999996 0.4415690866510539 0.11004687500000002 0.39597189695550356
0 0.8193906249999999 0.4615222482435597 0.050187499999999996 0.23629976580796255
0 0.6479375 0.4356908665105386 0.04084375 0.28224824355971895
