0 0.010781250000000001 0.17458984375 0.4350625 0.7528125
0 0.6502343749999999 0.4858984375 0.34976562499999997 0.45958984375
0 0.599109375 0.1300390625 0.147078125 0.20853515625
0 0.609859375 0.03138671875 0.07893750000000001 0.15470703125
0 0.5305 0.10642578125 0.08065625 0.17828125
0 0.48420312499999996 0.18478515625 0.114671875 0.15150390625
0 0.376515625 0.09486328125 0.128171875 0.19482421875
0 0.44693750000000004 0.00427734375 0.12701562500000002 0.17732421875
0 0.58503125 0.00205078125 0.14465625 0.15103515625
0 0.8535937499999999 0.1162109375 0.13765624999999998 0.1780078125
0 0.0 0.02587890625 0.09223437500000001 0.40236328125
0 0.0 0.1062109375 0.06085937500000001 0.2673046875
0 0.625359375 0.19615234375 0.21971875000000002 0.3339453125
0 0.0328125 0.0 0.965625 0.607421875
