0 0.11351562500000001 0.42262500000000003 0.0735 0.34197916666666667
0 0.1925625 0.3930208333333333 0.0625 0.29954166666666665
0 0.3024375 0.35814583333333333 0.10609375000000001 0.3520625
0 0.30559375 0.40847916666666667 0.021296875 0.029041666666666667
0 0.41931250000000003 0.40097916666666666 0.04084375 0.06779166666666667
0 0.104390625 0.331125 0.09323437500000001 0.2490416666666667
0 0.541609375 0.30574999999999997 0.197375 0.28110416666666665
0 0.183390625 0.3902291666666667 0.03125 0.14385416666666667
0 0.91540625 0.41639583333333335 0.08459375 0.22372916666666667
0 0.61234375 0.43204166666666666 0.07109375 0.0915625
0 0.46051562500000004 0.3714375 0.06967187500000001 0.21491666666666667
0 0.443515625 0.4068333333333333 0.07046875 0.19995833333333335
0 0.234375 0.3729166666666667 0.6234375 0.33958333333333335
