0 0.157703125 0.31014084507042256 0.09243749999999999 0.24396713615023477
0 0.29753124999999997 0.12206572769953052 0.021046875 0.05354460093896713
0 0.15278125 0.09730046948356808 0.015171875000000001 0.04399061032863849
0 0.460125 0.37779342723004694 0.073046875 0.22103286384976525
0 0.369921875 0.28532863849765255 0.034546875 0.12131455399061032
0 0.781546875 0.37483568075117374 0.078125 0.21910798122065728
0 0.7860625 0.3097887323943662 0.045156249999999995 0.1094131455399061
0 0.40785937499999997 0.23861502347417843 0.042953124999999995 0.08389671361502347
0 0.726140625 0.2024413145539906 0.0228125 0.08450704225352113
0 0.86834375 0.19190140845070422 0.0335625 0.06281690140845071
0 0.703109375 0.13288732394366198 0.028484375 0.049553990610328634
0 0.43187499999999995 0.1490845070422535 0.016828125 0.053098591549295776
0 0.4448125 0.15539906103286386 0.022015625 0.07122065727699531
0 0.0171875 0.0 0.98125 0.37089201877934275
