0 0.052125 0.6388766519823789 0.160015625 0.26422907488986785
0 0.20515625 0.6403303964757708 0.13678125000000002 0.25837004405286346
0 0.7035 0.6188546255506607 0.08634375 0.20962555066079294
0 0.320265625 0.396057268722467 0.104125 0.3306387665198238
0 0.40676562499999996 0.37363436123348015 0.08887500000000001 0.34559471365638766
0 0.4841875 0.4145594713656388 0.07790625 0.28892070484581495
0 0.798625 0.4676211453744494 0.06896875 0.23312775330396476
0 0.531421875 0.5986123348017621 0.078671875 0.23451541850220264
0 0.50578125 0.5502863436123349 0.112421875 0.2255066079295154
0 0.24089062499999997 0.384295154185022 0.08140625 0.3091409691629956
0 0.552546875 0.4191409691629956 0.05682812499999999 0.19982378854625552
0 0.685046875 0.40665198237885464 0.089515625 0.325704845814978
0 0.011765625 0.4343832599118943 0.058062499999999996 0.2078193832599119
