0 0.684890625 0.7347285067873304 0.026000000000000002 0.0402262443438914
0 0.74484375 0.6463574660633484 0.013875000000000002 0.04972850678733032
0 0.19137500000000002 0.4892081447963801 0.064171875 0.32766968325791856
0 0.63146875 0.8054977375565611 0.024921875 0.05554298642533937
0 0.82446875 0.7017873303167421 0.025671875 0.050633484162895925
0 0.919875 0.6584162895927601 0.023265625 0.04936651583710407
0 0.624921875 0.5611538461538461 0.008859375 0.016561085972850678
0 0.115453125 0.45669683257918553 0.08325 0.34502262443438914
0 0.08745312499999999 0.4942760180995475 0.052593749999999995 0.2593665158371041
0 0.247796875 0.4890497737556561 0.066515625 0.2983031674208145
0 0.67740625 0.6432579185520362 0.018984375 0.06042986425339367
0 0.296421875 0.5357918552036199 0.10687500000000001 0.3212443438914027
0 0.48910937499999996 0.580972850678733 0.014859375 0.02429864253393665
0 0.0015625 0.058823529411764705 0.996875 0.8009049773755657
