0 0.8256718749999999 0.2310625 0.13673437500000002 0.22764583333333333
0 0.0016875000000000002 0.4449375 0.31179687500000003 0.5438333333333334
0 0.6925625 0.4628333333333333 0.3074375 0.5270416666666666
0 0.5077499999999999 0.0559375 0.104671875 0.185375
0 0.306734375 0.1528125 0.12640625 0.2719166666666667
0 0.32159375 0.2575208333333333 0.28140624999999997 0.7412708333333333
0 0.6168437499999999 0.19941666666666666 0.13946875 0.33816666666666667
0 0.638765625 0.2831458333333333 0.30842187499999996 0.6808958333333333
0 0.5660937500000001 0.1859375 0.10887500000000001 0.2064375
0 0.17325 0.16866666666666666 0.106390625 0.2799583333333333
0 0.471609375 0.17733333333333334 0.0680625 0.09564583333333333
0 0.00240625 0.21270833333333333 0.13215625 0.3013958333333333
0 0.001453125 0.1484375 0.09965625 0.20510416666666667
