0 0.81078125 0.7118333333333333 0.085734375 0.28712499999999996
0 0.88015625 0.6792708333333334 0.0648125 0.26102083333333337
0 0.721234375 0.6685 0.045015625 0.16520833333333332
0 0.9252812499999999 0.705625 0.07471875 0.2831458333333333
0 0.813078125 0.6731041666666666 0.03021875 0.056479166666666664
0 0.8519687499999999 0.686125 0.026828125 0.09616666666666666
0 0.7593125 0.6643958333333334 0.048375 0.183625
0 0.9171093750000001 0.6662916666666666 0.014875 0.04416666666666667
0 0.9365625 0.6866041666666667 0.026171875 0.03410416666666667
0 0.80425 0.6968125000000001 0.051671875 0.241625
