0 0.426640625 0.6976814988290398 0.0904375 0.2853864168618267
0 0.7751406249999999 0.7168618266978923 0.06296874999999999 0.2696487119437939
0 0.852203125 0.5240515222482436 0.028609375 0.11674473067915692
0 0.934234375 0.4786651053864168 0.024296875000000002 0.09697892271662763
0 0.7770937499999999 0.5569320843091335 0.034359375 0.1822248243559719
0 0.82390625 0.5130679156908665 0.027953125000000002 0.16597189695550352
0 0.49126562500000004 0.5666744730679157 0.05375 0.1984543325526932
0 0.906203125 0.46477751756440283 0.029515625 0.11011709601873537
0 0.569609375 0.4978688524590164 0.025453125 0.10800936768149882
0 0.9619687499999999 0.4641217798594848 0.0213125 0.07962529274004684
0 0.739046875 0.906112412177986 0.05278125 0.09388758782201406
0 0.7751406249999999 0.6779156908665106 0.063703125 0.14545667447306793
0 0.8776875000000001 0.5173302107728337 0.013000000000000001 0.07304449648711944
0 0.88125 0.41920374707259955 0.1171875 0.1686182669789227
