0 0.481703125 0.3556908665105386 0.21006249999999999 0.6433957845433256
0 0.1454375 0.18201405152224825 0.17390624999999998 0.7550585480093678
0 0.12546875 0.2301639344262295 0.06704687499999999 0.3453864168618267
0 0.42921875 0.2971662763466042 0.05475 0.1360655737704918
0 0.49837499999999996 0.3058313817330211 0.041765625 0.07238875878220141
0 0.589265625 0.3059016393442623 0.06953125 0.16217798594847777
0 0.952421875 0.31585480093676815 0.039734375 0.0935831381733021
0 0.722453125 0.3827868852459016 0.0745625 0.07220140515222483
0 0.648171875 0.34002341920374707 0.0208125 0.06236533957845433
0 0.26015625 0.27276346604215457 0.1143125 0.5692037470725996
0 0.78534375 0.2871896955503513 0.0548125 0.16782201405152225
0 0.1109375 0.19672131147540983 0.859375 0.2810304449648712
