0 0.559546875 0.4651666666666667 0.141578125 0.4179791666666667
0 0.36317187500000003 0.36147916666666663 0.0641875 0.25452083333333336
0 0.43421875 0.47870833333333335 0.08529687500000001 0.21364583333333334
0 0.49620312499999997 0.35691666666666666 0.116109375 0.32560416666666664
0 0.42740625000000004 0.3814166666666667 0.031125000000000003 0.12783333333333333
0 0.25903125 0.3809166666666667 0.05078125 0.1309375
0 0.163296875 0.35593749999999996 0.031296875 0.15918749999999998
0 0.23948437500000003 0.37327083333333333 0.026484374999999998 0.1304375
0 0.764828125 0.3922708333333333 0.04090625 0.13514583333333335
0 0.701125 0.3277083333333334 0.07246875 0.2764166666666667
0 0.20214062500000002 0.36983333333333335 0.035703125 0.14643750000000003
0 0.0015625 0.3416666666666667 0.996875 0.22083333333333333
