0 0.52858 0.5109836065573771 0.16047999999999998 0.3851639344262295
0 0.72872 0.28989071038251363 0.1102 0.16628415300546448
0 0.03186 0.46513661202185796 0.14428 0.41707650273224045
0 0.61546 0.13418032786885245 0.10737999999999999 0.16289617486338798
0 0.51838 0.08508196721311476 0.10096 0.18191256830601094
0 0.68844 0.08994535519125683 0.0496 0.10065573770491804
0 0.97684 0.13191256830601092 0.02316 0.12890710382513662
0 0.4107 0.20557377049180325 0.036359999999999996 0.062076502732240434
0 0.8635 0.5234426229508197 0.09659999999999999 0.2541256830601093
0 0.81114 0.07245901639344263 0.0855 0.12379781420765028
0 0.73046 0.14841530054644808 0.09495999999999999 0.18448087431693988
0 0.037219999999999996 0.0718032786885246 0.15930000000000002 0.39581967213114755
0 0.408 0.00546448087431694 0.528 0.2650273224043716
