0 0.538828125 0.36839335180055405 0.200640625 0.46083102493074796
0 0.727078125 0.33861495844875344 0.09714062500000001 0.20409972299168977
0 0.86109375 0.5352908587257618 0.027500000000000004 0.07969529085872576
0 0.8948750000000001 0.5593074792243767 0.0115625 0.030138504155124656
0 0.9255156250000001 0.5642105263157895 0.014203125 0.03742382271468144
0 0.39978125000000003 0.553601108033241 0.009031250000000001 0.018642659279778394
0 0.93940625 0.5632409972299169 0.00925 0.03221606648199446
0 0.9919375 0.580775623268698 0.005859375 0.01623268698060942
0 0.0 0.6250138504155125 0.053359375 0.1261218836565097
0 0.8353125 0.5802493074792243 0.005828125 0.012354570637119113
