0 0.2748046875 0.35084375 0.459609375 0.5602968749999999
0 0.44037109375 0.2634375 0.10697265625 0.095921875
0 0.36001953125 0.244671875 0.0494140625 0.050265625
0 0.03630859375 0.20303125 0.12583984375 0.197484375
0 0.3397265625 0.22370312499999997 0.141171875 0.163921875
0 0.21173828125 0.234625 0.1415625 0.1695
0 0.1253125 0.304359375 0.131796875 0.09959375000000001
0 0.1585546875 0.20865625 0.09552734375 0.088
0 0.88916015625 0.31065624999999997 0.11083984375 0.34521875
0 0.51681640625 0.20592187499999998 0.03119140625 0.118203125
0 0.446484375 0.19659374999999998 0.09658203125 0.098046875
0 0.6532421875 0.178078125 0.144375 0.45090624999999995
0 0.0 0.2484375 0.080078125 0.1640625
