0 0.8284687500000001 0.36198598130841125 0.028390625000000003 0.09121495327102803
0 0.736890625 0.3673130841121495 0.0355 0.09714953271028037
0 0.2029375 0.41324766355140186 0.01784375 0.05107476635514019
0 0.18221875 0.3916355140186916 0.017328125 0.07539719626168224
0 0.321515625 0.29289719626168226 0.014249999999999999 0.06761682242990655
0 0.366015625 0.25782710280373833 0.014484374999999999 0.05824766355140187
0 0.0016406250000000002 0.598177570093458 0.025203125 0.1322429906542056
0 0.293515625 0.32217289719626163 0.024531249999999998 0.06843457943925234
0 0.34550000000000003 0.2636214953271028 0.011265625 0.05843457943925234
0 0.754046875 0.37109813084112153 0.0096875 0.03492990654205607
0 0.16921875 0.42932242990654207 0.02325 0.05478971962616822
0 0.106515625 0.49572429906542054 0.018953125 0.08439252336448598
0 0.2435 0.3983177570093458 0.02978125 0.0447429906542056
