0 0.355515625 0.8496948356807512 0.016703125 0.023896713615023473
0 0.33009374999999996 0.1943192488262911 0.071046875 0.1345305164319249
0 0.44457812499999994 0.8074882629107981 0.04178125 0.07725352112676055
0 0.5580625 0.8387323943661972 0.026265624999999997 0.042370892018779346
0 0.471984375 0.8111032863849764 0.03915625 0.07544600938967136
0 0.6540781250000001 0.8226056338028169 0.022093750000000002 0.04300469483568075
0 0.513859375 0.3178873239436619 0.095953125 0.1196713615023474
0 0.331703125 0.9207042253521127 0.048109374999999996 0.07873239436619718
0 0.31396875 0.9045539906103286 0.041078125 0.05847417840375587
0 0.1963125 0.7888732394366197 0.039421875 0.07
0 0.32360937500000003 0.9172535211267606 0.039046874999999995 0.05922535211267606
0 0.301 0.8857981220657277 0.037125000000000005 0.06086854460093897
0 0.28009375 0.8805868544600939 0.03215625 0.04830985915492957
0 0.1578125 0.7816901408450704 0.5375 0.11971830985915492
