0 0.46140625 0.42394106813996313 0.1300625 0.4468876611418048
0 0.36225 0.42977900552486187 0.12965625 0.4764088397790055
0 0.680671875 0.42985267034990793 0.039140625 0.17771639042357273
0 0.602796875 0.43062615101289137 0.0438125 0.1787661141804788
0 0.513140625 0.3970902394106814 0.031375 0.05274401473296501
0 0.5410468749999999 0.4046040515653775 0.033234375 0.06812154696132597
0 0.20109375 0.3919152854511971 0.023828125 0.08898710865561694
0 0.211296875 0.35860036832412523 0.022343750000000002 0.03224677716390424
0 0.1891875 0.35721915285451195 0.021625 0.03355432780847145
0 0.23743750000000002 0.3806813996316759 0.029031249999999998 0.09876611418047883
0 0.466171875 0.3966850828729282 0.034890624999999995 0.04578268876611418
