0 0.22466 0.4663363363363363 0.17308 0.22522522522522523
0 0.83768 0.6744444444444444 0.05806 0.13945945945945945
0 0.5670599999999999 0.59012012012012 0.09698000000000001 0.35105105105105106
0 0.47104 0.6151051051051052 0.10973999999999999 0.3422822822822823
0 0.9335800000000001 0.5547147147147147 0.02128 0.050750750750750744
0 0.6564800000000001 0.6354654654654655 0.02382 0.0740840840840841
0 0.2626 0.693963963963964 0.08854000000000001 0.15873873873873873
0 0.66706 0.5666366366366367 0.0159 0.06852852852852853
0 0.9730599999999999 0.5976876876876877 0.0125 0.04036036036036036
0 0.97894 0.6304804804804804 0.01812 0.026726726726726727
0 0.61842 0.5935135135135134 0.02478 0.09414414414414415
