0 0.114375 0.707873831775701 0.00978125 0.05226635514018692
0 0.08190625 0.6883878504672897 0.010374999999999999 0.05175233644859813
0 0.09909375000000001 0.6876635514018692 0.01009375 0.05537383177570093
0 0.066703125 0.6711915887850467 0.012953125 0.05070093457943925
0 0.027046874999999998 0.6679439252336449 0.011578125 0.05593457943925234
0 0.26584375 0.5835280373831776 0.00678125 0.028644859813084112
0 0.009734375 0.663411214953271 0.01059375 0.055116822429906544
0 0.109078125 0.6950700934579439 0.013468749999999998 0.022593457943925234
0 0.42485937500000004 0.6178504672897196 0.005953125 0.025934579439252335
0 0.41676562500000003 0.6124532710280374 0.005890625 0.015373831775700935
0 0.4575 0.6248130841121495 0.005203125 0.021471962616822427
0 0.47115625000000005 0.6232476635514018 0.0076875 0.023037383177570092
0 0.084984375 0.6742757009345793 0.010906250000000001 0.014228971962616821
0 0.178125 0.5794392523364486 0.70625 0.07009345794392523
