0 0.69424 0.5340199999999999 0.18242 0.43060000000000004
0 0.1155 0.56098 0.014199999999999999 0.03742
0 0.85138 0.58362 0.01754 0.038439999999999995
0 0.2329 0.56344 0.01738 0.03542
0 0.21381999999999998 0.5662999999999999 0.01066 0.03258
0 0.63802 0.5662 0.023899999999999998 0.054060000000000004
0 0.86666 0.5722999999999999 0.01506 0.044719999999999996
0 0.46774 0.57236 0.00762 0.02364
0 0.7370599999999999 0.56608 0.02016 0.04204
0 0.51374 0.568 0.0114 0.03096
0 0.94728 0.57886 0.02168 0.04094
0 0.38818 0.5728 0.01168 0.026199999999999998
0 0.6847799999999999 0.5665399999999999 0.0358 0.04562
0 0.154 0.564 0.02 0.03
