0 0.8258541666666667 0.44759374999999996 0.17414583333333333 0.23912499999999998
0 0.0017083333333333332 0.462609375 0.10733333333333334 0.19646875
0 0.20127083333333334 0.459859375 0.139125 0.12893749999999998
0 0.7270416666666667 0.43345312500000005 0.08375 0.095421875
0 0.61725 0.45265625 0.09674999999999999 0.07334375
0 0.43716666666666665 0.413625 0.0833125 0.10287500000000001
0 0.8290624999999999 0.390390625 0.05216666666666667 0.061625
0 0.7713541666666667 0.40756249999999994 0.050479166666666665 0.047609374999999995
0 0.07012499999999999 0.41478125 0.14085416666666667 0.22496875
0 0.20981249999999999 0.44175000000000003 0.10354166666666667 0.078125
0 0.8743958333333333 0.386 0.05364583333333333 0.056140625
0 0.9164791666666667 0.44548437500000004 0.08352083333333334 0.07515625000000001
0 0.3017708333333333 0.48067187499999997 0.09985416666666666 0.068234375
