0 0.18902000000000002 0.41864864864864865 0.07490000000000001 0.2437837837837838
0 0.34646 0.45186186186186184 0.09179999999999999 0.24552552552552553
0 0.94956 0.11384384384384383 0.04768 0.19342342342342342
0 0.5118199999999999 0.005615615615615616 0.07206 0.1847147147147147
0 0.57894 0.46549549549549546 0.1055 0.24636636636636638
0 0.48288 0.4803603603603604 0.08126 0.2378078078078078
0 0.3609 0.0013213213213213214 0.0585 0.11096096096096097
0 0.5419400000000001 0.4548648648648649 0.07692 0.24555555555555555
0 0.43768 0.47885885885885887 0.05754 0.23102102102102104
0 0.39882 0.44336336336336335 0.07232 0.2588888888888889
