61 0.878766 0.526033 0.060437 0.088541
61 0.737938 0.459119 0.029031 0.034468
61 0.664617 0.483602 0.017859 0.055532
61 0.938156 0.507128 0.021688 0.07304
61 0.563367 0.485334 0.025391 0.069757
61 0.685469 0.484802 0.025 0.110699
61 0.971383 0.514574 0.021047 0.128784
61 0.796523 0.500957 0.027484 0.108116
61 0.62343 0.482568 0.028047 0.101064
61 0.597445 0.487158 0.029391 0.077903
61 0.53607 0.466216 0.027141 0.099179
61 0.85893 0.470198 0.021578 0.044286
61 0.698836 0.471125 0.014859 0.079574
61 0.408594 0.454407 0.242188 0.100304
