0 0.38584375 0.16575 0.168828125 0.28650000000000003
0 0.5390312500000001 0.1633125 0.20817187499999998 0.4512291666666667
0 0.63034375 0.24493749999999997 0.3505625 0.7550625
0 0.44964062499999996 0.03929166666666666 0.13553125 0.17102083333333334
0 0.24695312500000002 0.0139375 0.097953125 0.22622916666666668
0 0.337171875 0.008291666666666666 0.09343749999999999 0.24370833333333333
0 0.030140624999999997 0.23566666666666666 0.32032812499999996 0.6876458333333333
0 0.31946875 0.008166666666666666 0.056484374999999996 0.09781250000000001
0 0.44929687500000004 0.030020833333333333 0.06539062500000001 0.11120833333333334
0 0.46876562499999996 0.007729166666666666 0.009343750000000001 0.03239583333333333
0 0.61253125 0.012604166666666666 0.007046874999999999 0.029770833333333333
0 0.2165625 0.0160625 0.05582812499999999 0.13320833333333332
0 0.91578125 0.020666666666666667 0.009156250000000001 0.020791666666666667
0 0.5046875 0.016666666666666666 0.0203125 0.016666666666666666
