0 0.46253124999999995 0.15051643192488265 0.09865625 0.15467136150234742
0 0.0015 0.39481220657276994 0.2004375 0.5910093896713615
0 0.105421875 0.35603286384976524 0.170203125 0.6054929577464788
0 0.761359375 0.3123708920187793 0.238640625 0.6876291079812207
0 0.709890625 0.4339906103286385 0.124703125 0.37295774647887325
0 0.618015625 0.3223708920187794 0.095515625 0.2662676056338028
0 0.293234375 0.3142018779342723 0.076828125 0.24650234741784038
0 0.34445312499999997 0.1841549295774648 0.069484375 0.2238262910798122
0 0.593609375 0.14948356807511737 0.12465625 0.3187558685446009
0 0.57884375 0.18065727699530515 0.05765625 0.21591549295774648
0 0.356 0.28539906103286383 0.07928125 0.2202112676056338
0 0.35357812499999997 0.07380281690140846 0.08528125 0.2034507042253521
0 0.219 0.2407981220657277 0.146578125 0.4715023474178404
0 0.4125 0.056338028169014086 0.45 0.5727699530516432
