0 0.683 0.4096458333333333 0.0469375 0.13410416666666666
0 0.8956875 0.42570833333333336 0.0775 0.27914583333333337
0 0.8580937499999999 0.40127083333333335 0.06665625 0.2830416666666667
0 0.611796875 0.4179791666666667 0.0471875 0.12135416666666667
0 0.589953125 0.41974999999999996 0.03390625 0.13641666666666669
0 0.764734375 0.47722916666666665 0.031890625 0.08927083333333334
0 0.48615624999999996 0.4263333333333333 0.0459375 0.11997916666666668
0 0.377 0.43202083333333335 0.044015625 0.20149999999999998
0 0.0033750000000000004 0.0 0.2528125 0.9887708333333334
0 0.326859375 0.44802083333333337 0.042749999999999996 0.19002083333333333
0 0.415703125 0.44608333333333333 0.03746875 0.19347916666666667
0 0.29859375 0.4532083333333333 0.047828125 0.18054166666666666
