0 0.5125449101796408 0.8159400000000001 0.03544910179640719 0.05392
0 0.2553293413173653 0.82286 0.015928143712574852 0.01666
0 0.20479041916167667 0.8326399999999999 0.037125748502994015 0.03646
0 0.7958682634730538 0.8042 0.024820359281437124 0.04204
0 0.32952095808383236 0.81308 0.03341317365269461 0.056420000000000005
0 0.3963173652694611 0.80532 0.03311377245508982 0.06744
0 0.4221556886227545 0.8074600000000001 0.022275449101796407 0.0632
0 0.5702694610778443 0.83124 0.02511976047904192 0.04002
0 0.04613772455089821 0.79934 0.03392215568862275 0.0694
0 0.27736526946107787 0.81898 0.021766467065868263 0.05126
0 0.5611976047904191 0.80874 0.01712574850299401 0.03936
0 0.6951796407185629 0.8168 0.027095808383233534 0.047259999999999996
0 0.13763473053892214 0.8084199999999999 0.01934131736526946 0.03354
0 0.6676646706586826 0.81 0.03592814371257485 0.054
