0 0.20882903981264636 0.5101093750000001 0.3974473067915691 0.47865624999999995
0 0.05704918032786885 0.6615624999999999 0.06611241217798595 0.048609374999999996
0 0.6423185011709601 0.657578125 0.1766744730679157 0.16021875000000002
0 0.797447306791569 0.6637500000000001 0.11608899297423887 0.158765625
0 0.6642622950819672 0.56696875 0.054192037470726 0.04928125
0 0.12405152224824356 0.669421875 0.1576580796252927 0.176171875
0 0.12206088992974239 0.500765625 0.10627634660421546 0.07796875
0 0.6056674473067916 0.44128125 0.05540983606557377 0.048078125
0 0.7469320843091335 0.308078125 0.07559718969555035 0.047046875
0 0.6827400468384074 0.45887500000000003 0.10360655737704919 0.06265625
0 0.5347072599531616 0.58696875 0.08149882903981263 0.06978124999999999
0 0.3008430913348946 0.516 0.06454332552693208 0.05140625
