1 0.688797 0.557833 0.231375 0.252375
1 0.38043 0.446042 0.100047 0.118792
1 0.137266 0.690979 0.270562 0.405833
1 0.791297 0.373448 0.046719 0.083604
1 0.654359 0.434229 0.130875 0.152125
1 0.429547 0.362781 0.093 0.067104
0 0.683875 0.55874 0.222656 0.314729
0 0.511242 0.463844 0.102453 0.207104
0 0.25632 0.560448 0.288453 0.334062
0 0.753 0.591521 0.295125 0.314292
0 0.781766 0.674781 0.393625 0.512854
0 0.153367 0.879771 0.306734 0.209
0 0.76943 0.772521 0.457766 0.421167
0 0.326977 0.452323 0.124141 0.201979
1 0.700609 0.599323 0.049625 0.041104
0 0.206 0.670625 0.375 0.511208
1 0.123766 0.847073 0.092719 0.069646
1 0.38982 0.397115 0.098734 0.107896
1 0.767531 0.824042 0.141688 0.145083
1 0.333555 0.491927 0.203641 0.173062
1 0.446297 0.432812 0.044344 0.074042
1 0.639062 0.360417 0.165625 0.1375
