0 0.069453125 0.5110416666666667 0.083390625 0.28020833333333334
0 0.20878125 0.5549166666666667 0.021124999999999998 0.07793749999999999
0 0.6618906250000001 0.5531874999999999 0.040531250000000005 0.09747916666666666
0 0.33985937499999996 0.5636875 0.021484375 0.07585416666666665
0 0.356203125 0.5431458333333333 0.01978125 0.09577083333333333
0 0.43871874999999994 0.5652916666666666 0.017515625 0.04429166666666667
0 0.635671875 0.565375 0.013796875 0.04541666666666667
0 0.506734375 0.5434375 0.02046875 0.11197916666666667
0 0.52215625 0.5538541666666668 0.01796875 0.07695833333333332
0 0.488859375 0.557625 0.03534375 0.11624999999999999
0 0.69990625 0.5465 0.0360625 0.12477083333333333
0 0.769453125 0.5522083333333333 0.0210625 0.08141666666666666
0 0.323453125 0.5847291666666667 0.01153125 0.043145833333333335
0 0.0078125 0.5354166666666667 0.990625 0.14583333333333334
