0 0.8851093750000001 0.23886513157894734 0.032828125 0.08427631578947369
0 0.922046875 0.2905756578947368 0.03528125 0.0813157894736842
0 0.91734375 0.2859046052631579 0.01809375 0.030411184210526312
0 0.9355 0.2780756578947368 0.038015625 0.032779605263157895
0 0.05437499999999999 0.2955592105263158 0.018234375 0.03564144736842106
0 0.845515625 0.2912171052631579 0.014109374999999999 0.04034539473684211
0 0.861453125 0.2760032894736842 0.013953125 0.01625
0 0.11256250000000001 0.2948848684210526 0.013171875 0.021233552631578948
0 0.02375 0.2849013157894737 0.01259375 0.0209375
0 0.082640625 0.27279605263157897 0.007671875 0.016529605263157898
0 0.06615625 0.2963815789473684 0.015328125000000001 0.016611842105263157
0 0.9374218750000001 0.2714473684210526 0.008203125 0.0253125
0 0.12209375 0.2692105263157895 0.00478125 0.016661184210526318
