0 0.76728125 0.13177985948477752 0.04434375 0.2497423887587822
0 0.881875 0.13836065573770492 0.03621875 0.2691569086651054
0 0.8960625 0.12587822014051522 0.038328125000000005 0.067096018735363
0 0.9082968749999999 0.11081967213114755 0.062796875 0.3260655737704918
0 0.6498125 0.2879859484777518 0.10001562500000001 0.12423887587822013
0 0.78990625 0.12414519906323185 0.06021875 0.2624824355971897
0 0.5662499999999999 0.2518266978922717 0.034921875000000005 0.09742388758782201
0 0.60328125 0.34491803278688526 0.05178125 0.04988290398126464
0 0.381640625 0.07985948477751757 0.07940625 0.2577049180327869
0 0.424109375 0.1822950819672131 0.288140625 0.46704918032786885
