0 0.485515625 0.10252083333333334 0.123703125 0.5557291666666667
0 0.06543750000000001 0.1255 0.41442187500000005 0.8612916666666667
0 0.86946875 0.145625 0.00653125 0.021479166666666667
0 0.8824375 0.14018750000000002 0.014359374999999999 0.05745833333333333
0 0.833359375 0.13862500000000003 0.01221875 0.03202083333333333
0 0.90784375 0.143125 0.00959375 0.045125
0 0.97928125 0.14483333333333331 0.01146875 0.05054166666666667
0 0.924 0.14502083333333332 0.016953125 0.035833333333333335
0 0.967234375 0.186 0.031921875 0.4718125
0 0.898 0.14027083333333332 0.010078125 0.050291666666666665
0 0.8614218749999999 0.1385 0.010562499999999999 0.017791666666666664
0 0.8453593749999999 0.1381875 0.013343749999999998 0.0271875
0 0.9399531250000001 0.15066666666666664 0.011 0.014520833333333334
0 0.871875 0.10416666666666667 0.053125 0.0625
