0 0.050633802816901406 0.17303125 0.6718544600938967 0.608984375
0 0.4422535211267606 0.507859375 0.5435680751173709 0.37978125
0 0.5544131455399062 0.03571875 0.13476525821596244 0.102953125
0 0.6672065727699531 0.09084375 0.10018779342723004 0.105296875
0 0.10603286384976526 0.005859375 0.128943661971831 0.15521875000000002
0 0.03375586854460094 0.00225 0.10802816901408452 0.188765625
0 0.7967605633802817 0.11040625 0.05870892018779343 0.050812500000000003
0 0.5818075117370892 0.09439062499999999 0.11129107981220657 0.09878125
0 0.7701173708920188 0.00965625 0.08725352112676056 0.080671875
0 0.3643661971830986 0.065640625 0.08220657276995307 0.092078125
0 0.9140140845070422 0.09846875000000001 0.08598591549295775 0.102734375
0 0.2695305164319249 0.015015625 0.0830281690140845 0.098859375
0 0.8922769953051644 0.067171875 0.09690140845070423 0.081890625
