0 0.6454375 0.22247524752475245 0.14753125 0.4921287128712871
0 0.41974999999999996 0.2223267326732673 0.046828125 0.19586633663366335
0 0.43674999999999997 0.1977227722772277 0.028875 0.08096534653465347
0 0.568265625 0.14235148514851484 0.030203124999999997 0.13925742574257424
0 0.5130312499999999 0.09542079207920791 0.029328125 0.10195544554455445
0 0.5909375 0.0992079207920792 0.027937499999999997 0.10611386138613861
0 0.78984375 0.28237623762376235 0.14434375 0.39019801980198016
0 0.904125 0.27839108910891086 0.05487499999999999 0.2131930693069307
0 0.0393125 0.28957920792079206 0.06309375 0.093490099009901
0 0.293015625 0.11032178217821782 0.02059375 0.041113861386138616
0 0.26534375 0.11700495049504951 0.013109375000000001 0.035
0 0.257546875 0.20314356435643563 0.053125 0.21017326732673267
0 0.16234375 0.11168316831683167 0.0379375 0.12019801980198021
0 0.2421875 0.017326732673267328 0.6984375 0.4207920792079208
