0 0.69392 0.40464 0.2575 0.21224
0 0.76012 0.5056266666666667 0.23987999999999998 0.19549333333333335
0 0.73226 0.25941333333333333 0.02856 0.06517333333333333
0 0.93408 0.22338666666666665 0.06592 0.17165333333333335
0 0.8241 0.22472 0.057159999999999996 0.10973333333333334
0 0.90026 0.35714666666666667 0.09974 0.15978666666666666
0 0.7914800000000001 0.33144 0.06336 0.16234666666666667
0 0.79906 0.28624 0.0324 0.03128
0 0.89704 0.22421333333333332 0.03562 0.03898666666666666
0 0.69804 0.26136000000000004 0.01908 0.06863999999999999
0 0.7459600000000001 0.7057866666666667 0.25404 0.292
0 0.88786 0.26053333333333334 0.06262 0.07424
0 0.90928 0.31037333333333333 0.07637999999999999 0.09824000000000001
0 0.626 0.19466666666666665 0.372 0.8
