0 0.8122175732217574 0.23904687500000002 0.1877824267782427 0.338734375
0 0.0042050209205020915 0.55528125 0.2666317991631799 0.188296875
0 0.6739748953974896 0.24943749999999998 0.23468619246861927 0.37303125000000004
0 0.16439330543933053 0.348546875 0.05822175732217573 0.1430625
0 0.2035774058577406 0.358921875 0.09355648535564853 0.077734375
0 0.5397698744769874 0.3395 0.21918410041841002 0.204640625
0 0.4796861924686192 0.337375 0.120418410041841 0.147859375
0 0.6108995815899582 0.31842187499999997 0.0497071129707113 0.036421875
0 0.6851673640167364 0.284515625 0.09638075313807531 0.141984375
0 0.25774058577405856 0.366390625 0.049853556485355645 0.05434375
0 0.12895397489539748 0.3545 0.06127615062761506 0.146640625
0 0.8542468619246861 0.56640625 0.14575313807531382 0.1015625
0 0.0020920502092050207 0.2640625 0.8723849372384938 0.2375
