0 0.43915625 0.29120833333333335 0.11687499999999999 0.3764166666666667
0 0.4096875 0.7046250000000001 0.21496875000000001 0.23841666666666667
0 0.205 0.15254166666666666 0.03390625 0.03391666666666667
0 0.42553124999999997 0.10058333333333333 0.0351875 0.08279166666666667
0 0.4576875 0.12320833333333334 0.027468749999999997 0.06020833333333333
0 0.48206249999999995 0.13108333333333333 0.024656249999999998 0.053125
0 0.5826875 0.13458333333333333 0.03559375 0.04925
0 0.8508749999999999 0.3042916666666667 0.07384375 0.15758333333333333
0 0.55625 0.10975 0.025750000000000002 0.07312500000000001
0 0.31490625 0.11395833333333334 0.027437499999999997 0.06329166666666666
0 0.91103125 0.258625 0.031875 0.17600000000000002
0 0.3475625 0.15304166666666666 0.031156250000000003 0.025541666666666667
0 0.9432812500000001 0.16329166666666667 0.0313125 0.03808333333333334
0 0.0 0.0 0.996875 0.9958333333333333
