0 0.3135280373831776 0.5830625 0.0611214953271028 0.06343750000000001
0 0.5472429906542056 0.621234375 0.23873831775700935 0.234640625
0 0.04072429906542056 0.50525 0.08404205607476635 0.2574375
0 0.24799065420560748 0.60825 0.18817757009345795 0.17359375
0 0.29268691588785045 0.5998593750000001 0.13259345794392524 0.088015625
0 0.15320093457943923 0.5963125 0.20247663551401868 0.173421875
0 0.6672663551401868 0.702515625 0.30149532710280375 0.113171875
0 0.4835747663551402 0.61875 0.1680841121495327 0.22690625
0 0.576518691588785 0.53015625 0.03464953271028037 0.063234375
0 0.6546261682242991 0.5328906250000001 0.033200934579439255 0.057703125
0 0.7203271028037384 0.529625 0.03955607476635514 0.039359375
