61 0.526344 0.565031 0.25225 0.147979
61 0.252297 0.479594 0.144844 0.233312
61 0.383094 0.498948 0.189719 0.225562
61 0.224789 0.341083 0.027172 0.025208
0 0.752242 0.545969 0.495516 0.634521
61 0.440219 0.353646 0.120781 0.07425
61 0.659508 0.45249 0.065891 0.275479
61 0.607758 0.39624 0.062016 0.208312
61 0.193805 0.343906 0.029578 0.017021
61 0.737492 0.273292 0.047547 0.076833
61 0.81832 0.203292 0.023266 0.044708
0 0.849102 0.165479 0.070516 0.105583
0 0.783813 0.162125 0.036812 0.064042
0 0.949102 0.254198 0.101359 0.389479
61 0.113125 0.468281 0.104469 0.236521
