0 0.265 0.3647916666666667 0.08403125 0.3009583333333333
0 0.414546875 0.38537499999999997 0.08459375 0.3002916666666666
0 0.600203125 0.3920208333333333 0.07896875 0.2685833333333333
0 0.3250625 0.361 0.0693125 0.3095833333333333
0 0.640953125 0.15254166666666666 0.045046875 0.1005
0 0.576921875 0.05645833333333334 0.0576875 0.1985
0 0.486984375 0.13235416666666666 0.045015625 0.12002083333333333
0 0.458984375 0.37785416666666666 0.066015625 0.27710416666666665
0 0.3919375 0.3792291666666667 0.055671875 0.19166666666666668
0 0.552375 0.08839583333333333 0.041296875 0.16695833333333335
0 0.37615625 0.09339583333333333 0.032921875 0.14508333333333334
