0 0.166859375 0.22695833333333332 0.205609375 0.7505624999999999
0 0.06596874999999999 0.2715625 0.05675 0.22766666666666666
0 0.1388125 0.2640208333333333 0.057015625 0.3042708333333334
0 0.17154687500000002 0.2779375 0.047031250000000004 0.17645833333333333
0 0.352796875 0.238375 0.03228125 0.3457708333333333
0 0.561234375 0.40449999999999997 0.22246875 0.5842708333333333
0 0.12076562500000002 0.29635416666666664 0.03478125 0.1615
0 7.8125e-05 0.29885416666666664 0.017078125 0.03927083333333334
0 0.854515625 0.2931666666666667 0.145484375 0.5830625
0 0.0 0.4363958333333333 0.022468750000000003 0.2557291666666667
0 0.008875 0.2592291666666667 0.06915625 0.325125
0 0.333296875 0.3479791666666667 0.039015625 0.18291666666666667
0 0.0 0.2781041666666667 0.03490625 0.19943750000000002
