0 0.39237500000000003 0.06528125 0.57175 0.93471875
0 0.002109375 0.403234375 0.146359375 0.595
0 0.14128125 0.11159375 0.26237499999999997 0.25484375
0 0.00121875 0.077234375 0.14328125 0.272484375
0 0.35053125 0.147484375 0.12325 0.206390625
0 0.16568750000000002 0.060843749999999995 0.084078125 0.093421875
0 0.28928125 0.07771875 0.069609375 0.1296875
0 0.374015625 0.06771875000000001 0.095703125 0.084875
0 0.46067187499999995 0.1483125 0.096625 0.208984375
0 0.31684375 0.11340625 0.10946875 0.1359375
0 0.10715625 0.0846875 0.06465625 0.23920312500000002
