0 0.27928125000000004 0.5415 0.09340625 0.455625
0 0.395171875 0.5674791666666666 0.08371875 0.35291666666666666
0 0.471890625 0.5652916666666666 0.041859375 0.14845833333333333
0 0.6315000000000001 0.5796458333333334 0.04334375 0.14831249999999999
0 0.702984375 0.5691458333333334 0.07062500000000001 0.2485625
0 0.8207812499999999 0.5775208333333333 0.072484375 0.28500000000000003
0 0.5348437500000001 0.5549583333333333 0.033703125 0.19487500000000002
0 0.0015625 0.5599166666666666 0.09721874999999999 0.323125
0 0.33946875 0.5479166666666667 0.07082812499999999 0.30475
0 0.154046875 0.5672499999999999 0.0823125 0.338375
0 0.065546875 0.5588958333333333 0.048421874999999996 0.11970833333333333
0 0.5673125 0.5572916666666666 0.10765625000000001 0.41583333333333333
0 0.5542812500000001 0.5704166666666667 0.034265625 0.261
0 0.0015625 0.5270833333333333 0.996875 0.4708333333333333
