0 0.74609375 0.5724374999999999 0.07575 0.228625
0 0.43121875000000004 0.5219166666666667 0.067765625 0.1381875
0 0.5826718750000001 0.4448958333333334 0.021515625 0.022312500000000002
0 0.304171875 0.5188125 0.039375 0.14104166666666668
0 0.338171875 0.5673958333333334 0.046765625 0.09145833333333334
0 0.313609375 0.5035000000000001 0.030921874999999998 0.036708333333333336
0 0.65596875 0.5349791666666667 0.037703125 0.059333333333333335
0 0.6118750000000001 0.4825416666666667 0.025359375 0.04422916666666667
0 0.41571875 0.45297916666666665 0.02496875 0.03252083333333333
0 0.69903125 0.4412083333333333 0.0225625 0.017583333333333333
0 0.5533750000000001 0.37064583333333334 0.0233125 0.03239583333333333
0 0.48860937499999996 0.4499375 0.017984375 0.020979166666666667
0 0.713453125 0.52975 0.030390624999999998 0.06160416666666667
0 0.0 0.06666666666666667 0.9984375 0.54375
