0 0.46293749999999995 0.3623653395784543 0.11496875 0.4673067915690866
0 0.424875 0.4233255269320843 0.042546875 0.1316861826697892
0 0.31871875 0.4183372365339578 0.041046875 0.14236533957845432
0 0.40315625 0.4281967213114754 0.023578125 0.12859484777517563
0 0.371359375 0.43414519906323185 0.032375 0.1060655737704918
0 0.75171875 0.42906323185011713 0.015078125000000001 0.020585480093676813
0 0.647828125 0.431615925058548 0.01809375 0.030725995316159247
0 0.42453124999999997 0.46981264637002346 0.028109375 0.08238875878220141
0 0.9149218749999999 0.4089695550351288 0.044875 0.062154566744730674
0 0.679078125 0.4160655737704918 0.016671875 0.02864168618266979
0 0.3449375 0.4236299765807962 0.0141875 0.05672131147540983
0 0.3460625 0.4489695550351288 0.022875 0.09674473067915691
