0 0.7208436213991769 0.76475 0.15059670781893003 0.20414062500000002
0 0.5642386831275721 0.27390625 0.20812757201646093 0.21779687499999997
0 0.3774279835390947 0.138203125 0.05606995884773663 0.11868749999999999
0 0.7683333333333334 0.066484375 0.05438271604938272 0.106484375
0 0.1518724279835391 0.673296875 0.06302469135802469 0.078296875
0 0.3675514403292181 0.628765625 0.04860082304526749 0.05221875
0 0.7691358024691358 0.558453125 0.05109053497942386 0.10634375
0 0.21580246913580245 0.585828125 0.04267489711934156 0.097203125
0 0.9326131687242798 0.53771875 0.04843621399176955 0.128
0 0.004979423868312757 0.58246875 0.056666666666666664 0.11196874999999999
0 0.9410493827160494 0.042703124999999995 0.044382716049382716 0.110109375
0 0.857880658436214 0.05853125 0.04039094650205761 0.093953125
0 0.38993827160493827 0.187015625 0.1231275720164609 0.319484375
0 0.00411522633744856 0.015625 0.98559670781893 0.684375
