0 0.523734375 0.1058490566037736 0.476265625 0.8896462264150943
0 0.42601562499999995 0.36198113207547167 0.11985937499999999 0.15841981132075472
0 0.59559375 0.3624056603773585 0.116328125 0.16566037735849054
0 0.5880625 0.39504716981132076 0.055140625 0.10641509433962264
0 0.396265625 0.4100943396226415 0.030515625 0.05492924528301887
0 0.44470312500000003 0.3979716981132076 0.028718749999999998 0.046391509433962266
0 0.3695 0.388183962264151 0.040281250000000005 0.0781367924528302
0 0.542453125 0.4389150943396226 0.022265625 0.035023584905660377
0 0.05228125 0.18875 0.101546875 0.047570754716981134
0 0.5686875 0.4407311320754717 0.025921875 0.034339622641509436
0 0.695296875 0.41969339622641505 0.039625 0.11740566037735849
0 0.54621875 0.4176179245283019 0.035296875 0.06908018867924529
