0 0.648978978978979 0.52906 0.2532132132132132 0.24712
0 0.3171171171171171 0.36682 0.12513513513513513 0.22444
0 0.4947447447447447 0.39748 0.10147147147147147 0.06106
0 0.5915915915915916 0.38374 0.01696696696696697 0.046700000000000005
0 0.2673573573573574 0.37162 0.05816816816816817 0.05638
0 0.2690690690690691 0.40406 0.10996996996996997 0.14737999999999998
0 0.4351951951951952 0.35408 0.07537537537537538 0.15741999999999998
0 0.43204204204204205 0.36448 0.03648648648648649 0.0868
0 0.42465465465465463 0.37736000000000003 0.017867867867867867 0.03194
0 0.003573573573573573 0.36998000000000003 0.03846846846846847 0.41786
0 0.5491591591591591 0.3516 0.01033033033033033 0.01134
0 0.4912012012012012 0.37060000000000004 0.03618618618618619 0.05088
