61 0.176977 0.530979 0.099703 0.092292
61 0.255953 0.494833 0.044531 0.066667
61 0.980695 0.805708 0.038141 0.219125
61 0.984672 0.626844 0.030656 0.163062
0 0.275336 0.614875 0.550672 0.75
0 0.14193 0.476146 0.168453 0.297417
0 0.026172 0.42124 0.052344 0.180771
0 0.954453 0.469812 0.091094 0.211458
0 0.220484 0.439719 0.075813 0.194521
0 0.513453 0.533208 0.100188 0.425208
61 0.040789 0.759948 0.077203 0.200854
61 0.018617 0.589385 0.037047 0.147729
0 0.766016 0.5955 0.446625 0.773042
0 0.881727 0.510802 0.186578 0.374437
0 0.621273 0.506115 0.081859 0.138354
61 0.52118 0.691594 0.024359 0.088813
