0 0.07565625000000001 0.5076112412177985 0.05553125 0.2615456674473068
0 0.843875 0.48405152224824355 0.06203125 0.2913817330210773
0 0.791 0.4829742388758782 0.05834375000000001 0.27014051522248245
0 0.49434374999999997 0.4097189695550351 0.043390625 0.09946135831381733
0 0.335203125 0.5632084309133489 0.013421875 0.03372365339578454
0 0.682109375 0.5269320843091335 0.03415625 0.18163934426229508
0 0.5637187499999999 0.3946604215456675 0.063078125 0.12470725995316159
0 0.18675 0.5711241217798595 0.012718750000000001 0.08112412177985949
0 0.31037499999999996 0.5640983606557377 0.009015625 0.037400468384074945
0 0.2106875 0.5691334894613583 0.007609375 0.06822014051522247
0 0.0034062500000000004 0.5642622950819672 0.025484374999999997 0.06007025761124121
