0 0.21190625000000002 0.11461176470588236 0.39246875000000003 0.8269647058823529
0 0.0015 0.16628235294117646 0.1328125 0.8224705882352942
0 0.24621875000000001 0.2556235294117647 0.041125 0.07505882352941176
0 0.597921875 0.17303529411764706 0.04471875 0.049082352941176466
0 0.631421875 0.17710588235294117 0.05953125 0.1336470588235294
0 0.69540625 0.1893176470588235 0.08803125 0.3595529411764706
0 0.7382187499999999 0.15047058823529413 0.03128125 0.055505882352941176
0 0.16989062500000002 0.25 0.08429687500000001 0.39637647058823533
0 0.5207499999999999 0.20854117647058823 0.0704375 0.10350588235294118
0 0.708078125 0.14338823529411765 0.03675 0.12134117647058823
0 0.587984375 0.2180235294117647 0.077265625 0.09195294117647058
0 0.7590625 0.20952941176470588 0.037015625 0.06915294117647058
0 0.044296875 0.12129411764705882 0.041671875000000004 0.11505882352941176
0 0.0421875 0.042352941176470586 0.8875 0.3341176470588235
