0 0.23732812499999997 0.4319906323185012 0.089546875 0.2952927400468384
0 0.203234375 0.4328571428571429 0.092359375 0.29918032786885246
0 0.468375 0.40946135831381736 0.046578125 0.23714285714285716
0 0.128734375 0.4915222482435597 0.0351875 0.10318501170960188
0 0.5601406250000001 0.34374707259953163 0.0193125 0.060210772833723655
0 0.060953125 0.4224121779859485 0.065734375 0.283559718969555
0 0.5159687500000001 0.4424824355971897 0.047671875 0.13107728337236535
0 0.611328125 0.26210772833723656 0.042609375 0.07358313817330212
0 0.903359375 0.4730913348946136 0.0489375 0.05526932084309134
0 0.869703125 0.40117096018735365 0.048046875 0.11740046838407495
0 0.1998125 0.48934426229508193 0.02065625 0.10262295081967213
0 0.95521875 0.4045901639344262 0.031796875 0.1194145199063232
0 0.766546875 0.23163934426229507 0.054796875 0.10562060889929743
0 0.0015625 0.2716627634660422 0.940625 0.35362997658079626
