0 0.581703125 0.6638461538461538 0.01046875 0.041066997518610426
0 0.594515625 0.6594292803970223 0.0063437499999999996 0.03570719602977668
0 0.5996406249999999 0.6595781637717122 0.008515625 0.04039702233250621
0 0.721984375 0.664665012406948 0.005265625 0.027543424317617866
0 0.59034375 0.6643424317617866 0.005828125 0.036575682382133996
0 0.6685 0.6759553349875931 0.010421875 0.018014888337468983
0 0.7165468749999999 0.6660794044665013 0.004640625000000001 0.025583126550868487
0 0.781703125 0.6783870967741935 0.008624999999999999 0.013697270471464018
0 0.77134375 0.677940446650124 0.008203125 0.016550868486352358
0 0.655046875 0.6648138957816377 0.007671875 0.027890818858560793
0 0.738046875 0.6719354838709678 0.0056875 0.00967741935483871
0 0.61053125 0.6728535980148884 0.00621875 0.017146401985111664
0 0.64715625 0.6642928039702233 0.008546874999999999 0.028312655086848635
0 0.721875 0.6625310173697271 0.203125 0.07196029776674938
