0 0.460125 0.2066875 0.14941666666666667 0.40093750000000006
0 0.5284583333333334 0.01984375 0.12662500000000002 0.25671875
0 0.7337916666666667 0.0695625 0.2326666666666667 0.39596875
0 0.72875 0.040625 0.13970833333333335 0.153875
0 0.8033750000000001 0.14059375000000002 0.19566666666666668 0.6856875
0 0.8927083333333333 0.051125 0.0935 0.1655
0 0.194625 0.087625 0.1225 0.28821875
0 0.06329166666666666 0.1281875 0.207375 0.4065625
0 0.3329583333333333 0.09878125 0.12804166666666666 0.23390624999999998
0 0.29662499999999997 0.06996875 0.08366666666666665 0.22915625
0 0.15379166666666666 0.2683125 0.37145833333333333 0.5717187499999999
0 0.16666666666666666 0.003125 0.6291666666666667 0.1
