0 0.47978125 0.6359484777517564 0.205390625 0.36180327868852463
0 0.275875 0.6426932084309134 0.20989062500000003 0.34606557377049185
0 0.8352031249999999 0.7273536299765807 0.1636875 0.2705152224824356
0 0.000390625 0.33419203747072596 0.085375 0.5730679156908665
0 0.21789062499999998 0.3885245901639344 0.1743125 0.5990866510538642
0 0.6190156250000001 0.6637236533957847 0.108234375 0.33627634660421546
0 0.220625 0.43847775175644027 0.032640625 0.08894613583138172
0 0.41531250000000003 0.34156908665105384 0.236875 0.5123653395784543
0 0.06425 0.3802576112412178 0.171328125 0.6148009367681498
0 0.192671875 0.480327868852459 0.030140624999999997 0.08222482435597189
