0 0.166140625 0.2493911007025761 0.07223437499999999 0.20353629976580795
0 0.31189062500000003 0.2855269320843091 0.05615625 0.11297423887587822
0 0.35425 0.28327868852459015 0.019359375 0.10536299765807963
0 0.347890625 0.2794613583138173 0.012875000000000001 0.03206088992974239
0 0.64121875 0.462576112412178 0.23571875000000003 0.4221545667447307
0 0.7568125 0.28997658079625294 0.043546875 0.11175644028103045
0 0.425125 0.26484777517564406 0.01521875 0.04496487119437939
0 0.71678125 0.27730679156908666 0.065734375 0.11021077283372366
0 0.674828125 0.28044496487119436 0.0263125 0.07524590163934426
0 0.502484375 0.29081967213114757 0.032234374999999996 0.0548711943793911
0 0.630859375 0.24646370023419203 0.02046875 0.08969555035128805
0 0.7167656250000001 0.2792740046838407 0.014453125 0.028875878220140514
0 0.707734375 0.27967213114754097 0.012671874999999999 0.03236533957845433
0 0.25625 0.2224824355971897 0.5015625 0.2107728337236534
