0 0.016859375 0.06797916666666667 0.091 0.3528125
0 0.35225 0.5325833333333333 0.198875 0.4674166666666667
0 0.120703125 0.5095 0.17703125 0.490125
0 0.0641875 0.19933333333333333 0.167234375 0.7882708333333334
0 0.186296875 0.16966666666666666 0.10821875 0.3920208333333333
0 0.079390625 0.12197916666666667 0.1323125 0.1749375
0 0.267484375 0.06470833333333333 0.12559375 0.3218333333333333
0 0.46409374999999997 0.1044375 0.09125 0.18172916666666666
0 0.330390625 0.1841875 0.193234375 0.40210416666666665
0 0.5545 0.19102083333333333 0.254484375 0.7887500000000001
0 0.679296875 0.08527083333333334 0.11071875 0.24933333333333335
0 0.664046875 0.0471875 0.06909375 0.14831249999999999
0 0.3251875 0.12770833333333334 0.139671875 0.30979166666666663
0 0.8171875 0.05416666666666667 0.18125 0.6
