0 0.25525000000000003 0.12100467289719626 0.09153125 0.25271028037383175
0 0.3148125 0.13404205607476635 0.153125 0.27822429906542057
0 0.48965625 0.13626168224299065 0.1671875 0.30808411214953274
0 0.61915625 0.16591121495327105 0.15178125 0.38651869158878505
0 0.466515625 0.24042056074766358 0.43509374999999995 0.7595794392523365
0 0.8812656249999999 0.06728971962616823 0.086265625 0.1541822429906542
0 0.0240625 0.1114252336448598 0.12435937500000001 0.37327102803738316
0 0.8926718749999999 0.18427570093457946 0.107328125 0.3146028037383178
0 0.800140625 0.21294392523364486 0.15778125 0.5776168224299065
0 0.09962499999999999 0.16030373831775702 0.17665625000000001 0.2617056074766355
0 0.097921875 0.14822429906542056 0.05440625 0.08950934579439253
0 0.143375 0.147803738317757 0.054140625 0.08953271028037384
