0 0.47728125 0.786487119437939 0.016968749999999998 0.061451990632318494
0 0.38859374999999996 0.7851990632318501 0.0115 0.06278688524590163
0 0.37109375 0.7887353629976581 0.010203125 0.0576112412177986
0 0.6149375 0.7394847775175644 0.065453125 0.2401639344262295
0 0.7014843749999999 0.7870725995316159 0.015875 0.02847775175644028
0 0.234828125 0.7886182669789228 0.011359375 0.045081967213114756
0 0.28693749999999996 0.7988758782201405 0.013640625 0.035339578454332554
0 0.1984375 0.7803044496487119 0.013703125 0.08110070257611242
0 0.13409374999999998 0.787423887587822 0.026421875 0.07791569086651054
0 0.396125 0.7854332552693208 0.012046875 0.060608899297423885
0 0.206546875 0.786463700234192 0.030890624999999998 0.07536299765807962
0 0.68975 0.7927868852459016 0.009218750000000001 0.045526932084309135
0 0.43393750000000003 0.7858548009367682 0.0118125 0.06496487119437938
0 0.0328125 0.7798594847775175 0.8125 0.0936768149882904
