0 0.3935 0.717953125 0.025083333333333332 0.059796875000000006
0 0.16620833333333335 0.7089218749999999 0.0440625 0.07178124999999999
0 0.8192916666666666 0.712875 0.02625 0.035828125
0 0.808125 0.7498125 0.017083333333333332 0.015062500000000001
0 0.77725 0.72209375 0.019375 0.044546875
0 0.12591666666666665 0.74565625 0.009875 0.017796875
0 0.8307083333333334 0.743265625 0.009354166666666667 0.0221875
0 0.0645 0.745765625 0.009250000000000001 0.011703125
0 0.038875 0.746921875 0.0044375 0.008859375
0 0.08235416666666667 0.7457812500000001 0.0063124999999999995 0.009578125
