0 0.5017757009345795 0.058890624999999995 0.44128504672897195 0.33773437500000003
0 0.6276168224299066 0.403578125 0.06838785046728972 0.096546875
0 0.7303504672897195 0.452359375 0.0649766355140187 0.062359374999999995
0 0.7893691588785047 0.4290625 0.07707943925233646 0.095109375
0 0.8546728971962617 0.46703124999999995 0.05614485981308411 0.062578125
0 0.9326869158878505 0.478671875 0.05897196261682243 0.05292187499999999
0 0.24628504672897195 0.256625 0.13320093457943924 0.194953125
0 0.030864485981308414 0.21871875 0.09037383177570094 0.13925
0 0.5614719626168224 0.42176562500000003 0.07771028037383178 0.070234375
0 0.6936682242990654 0.45192187500000003 0.042943925233644854 0.05553125
0 0.1352336448598131 0.306203125 0.10163551401869159 0.082265625
0 0.4680140186915888 0.32453125 0.0758177570093458 0.050265625
0 0.6754439252336448 0.439765625 0.05703271028037383 0.06109375
