0 0.2935 0.21735 0.192140625 0.55405
0 0.5157812500000001 0.20755 0.029421874999999997 0.03138333333333333
0 0.845 0.24531666666666666 0.155 0.36405
0 0.67415625 0.19326666666666667 0.217 0.3483
0 0.54740625 0.20891666666666667 0.03425 0.03238333333333333
0 0.4475625 0.1957 0.03490625 0.04578333333333333
0 0.567453125 0.20378333333333332 0.015078125000000001 0.0307
0 0.16221875 0.18483333333333335 0.17485937499999998 0.5011166666666667
0 0.052796875 0.2679166666666667 0.109078125 0.16858333333333334
0 0.4255 0.19076666666666667 0.0195 0.057133333333333335
0 0.336765625 0.19905 0.02084375 0.049100000000000005
0 0.94978125 0.20556666666666668 0.037953125 0.06726666666666667
0 0.48046875 0.21116666666666667 0.023203124999999998 0.029133333333333334
