0 0.683422 0.656177 0.24775 0.377521
0 0.49293 0.627969 0.156797 0.286146
0 0.64382 0.473042 0.185391 0.267417
0 0.900102 0.572906 0.151859 0.224979
0 0.251234 0.594667 0.080125 0.189667
0 0.159102 0.689187 0.155109 0.409375
0 0.314203 0.673573 0.096781 0.313479
0 0.63757 0.376396 0.131547 0.146458
0 0.771641 0.569542 0.070438 0.188167
0 0.094461 0.757729 0.188922 0.484542
0 0.199102 0.60076 0.089297 0.220604
61 0.657023 0.834594 0.310578 0.198771
61 0.473961 0.833052 0.173859 0.333896
61 0.252281 0.684635 0.023062 0.083729
61 0.110398 0.866292 0.210672 0.267417
61 0.23657 0.793281 0.100672 0.234896
61 0.916781 0.897115 0.166437 0.169479
61 0.325664 0.721792 0.065516 0.178125
61 0.815938 0.589219 0.040656 0.071896
61 0.782844 0.595021 0.036781 0.078792
61 0.410875 0.651583 0.048375 0.077292
