0 0.766203125 0.4606681514476615 0.11351562500000001 0.43596881959910916
0 0.927734375 0.5062138084632517 0.047093750000000004 0.17897550111358573
0 0.8778593750000001 0.513207126948775 0.0571875 0.18046770601336304
0 0.37117187500000004 0.5007126948775056 0.034078125 0.047728285077951
0 0.087515625 0.5415367483296214 0.0201875 0.08596881959910914
0 0.06334375 0.5481291759465479 0.018687500000000003 0.07757238307349666
0 0.9757187500000001 0.520423162583519 0.018078125 0.10946547884187081
0 0.04946875 0.544521158129176 0.014593749999999999 0.07387527839643653
0 0.106625 0.541804008908686 0.014921875000000001 0.055879732739420936
0 0.876625 0.5139866369710467 0.018171875 0.14587973273942093
0 0.07273437499999999 0.5420044543429844 0.01490625 0.028975501113585746
0 0.0390625 0.5387082405345212 0.013125000000000001 0.044521158129175946
0 0.14851562499999998 0.5435189309576838 0.013046875 0.06977728285077951
0 0.884375 0.6169265033407573 0.0359375 0.07126948775055679
