0 0.648734375 0.6110555555555556 0.042749999999999996 0.22333333333333336
0 0.75153125 0.5984166666666667 0.034078125 0.14780555555555555
0 0.78628125 0.6180277777777778 0.057359375000000004 0.16586111111111113
0 0.8684843750000001 0.6307777777777778 0.02415625 0.10738888888888888
0 0.8920625 0.6129166666666667 0.021453125 0.052333333333333336
0 0.926015625 0.6025 0.026671875 0.09816666666666668
0 0.8709843749999999 0.6040277777777777 0.01509375 0.029916666666666664
0 0.63059375 0.6280833333333333 0.009390625 0.034083333333333334
0 0.605296875 0.6283055555555556 0.004640625000000001 0.030166666666666665
0 0.596875 0.6256666666666667 0.007375 0.035111111111111114
0 0.6245937500000001 0.6245555555555555 0.007890625 0.03322222222222222
0 0.607609375 0.6256111111111111 0.0098125 0.03386111111111111
