0 0.339187 0.515886 0.254625 0.440661
0 0.300023 0.42873 0.180516 0.243122
0 0.271281 0.534352 0.075219 0.370556
1 0.47125 0.560225 0.170594 0.40172
1 0.551742 0.57832 0.101016 0.437434
1 0.594758 0.585728 0.112672 0.467328
1 0.847078 0.64832 0.305844 0.57754
1 0.699453 0.55955 0.185812 0.458413
1 0.766508 0.599854 0.227578 0.528862
1 0.87932 0.442712 0.090047 0.145741
1 0.938375 0.785582 0.12325 0.424286
1 0.345477 0.618228 0.051359 0.256772
1 0.911391 0.736164 0.177219 0.419577
0 0.090977 0.369418 0.172891 0.331429
1 0.491344 0.62914 0.061469 0.299603
1 0.378773 0.616759 0.049547 0.260714
1 0.665234 0.426111 0.157719 0.185714
