0 0.83965625 0.20224056603773585 0.16034375 0.3101179245283019
0 0.28137500000000004 0.3617924528301887 0.41834375 0.5617924528301886
0 0.735453125 0.6764150943396227 0.264546875 0.3123584905660377
0 0.658484375 0.25068396226415096 0.19954687499999998 0.6546698113207546
0 0.089125 0.0037264150943396228 0.30451562499999996 0.9237735849056604
0 0.07834375 0.1402122641509434 0.020265625000000002 0.0858254716981132
0 0.059609375 0.1278066037735849 0.022578124999999998 0.09549528301886794
0 0.0301875 0.14669811320754716 0.0324375 0.07669811320754717
0 0.41417187499999997 0.36452830188679247 0.064796875 0.10563679245283018
0 0.503859375 0.24117924528301887 0.12903125 0.3151179245283019
