0 0.3239375 0.5502107728337237 0.013578125 0.046416861826697894
0 0.7980625 0.7453395784543325 0.06596874999999999 0.25175644028103045
0 0.628890625 0.6797892271662763 0.03703125 0.18714285714285714
0 0.5989375 0.6797658079625293 0.02071875 0.0789695550351288
0 0.52325 0.6669789227166276 0.032937499999999995 0.054847775175644035
0 0.42615625 0.643231850117096 0.019421874999999998 0.07208430913348947
0 0.949046875 0.7194145199063232 0.050953125 0.1097423887587822
0 0.58540625 0.7556674473067916 0.023046875 0.11362997658079627
0 0.55553125 0.6807494145199063 0.046265625 0.15451990632318502
0 0.181 0.48531615925058547 0.004828125 0.01660421545667447
0 0.516578125 0.7133021077283372 0.036234375 0.11531615925058548
0 0.747375 0.7347775175644028 0.047765625 0.21557377049180326
0 0.735828125 0.7280796252927401 0.02446875 0.17096018735362997
0 0.1671875 0.47540983606557374 0.7265625 0.44730679156908665
