0 0.745890625 0.7829508196721311 0.0163125 0.02641686182669789
0 0.7616875000000001 0.25510538641686187 0.212609375 0.30292740046838407
0 0.6601874999999999 0.2858548009367681 0.10346875 0.27501170960187354
0 0.467984375 0.38777517564402814 0.06840625 0.14114754098360657
0 0.398484375 0.442248243559719 0.06759375 0.1064871194379391
0 0.7755625 0.7789695550351288 0.01234375 0.0277751756440281
0 0.833921875 0.7845901639344262 0.010171875 0.016206088992974238
0 0.7011875 0.7830210772833724 0.018203125 0.028524590163934424
0 0.539453125 0.8122950819672131 0.011125 0.01648711943793911
0 0.682328125 0.7955269320843091 0.011015625 0.018501170960187354
0 0.649921875 0.8001170960187353 0.014265625 0.019601873536299764
0 0.644859375 0.8000468384074941 0.008015625 0.018548009367681497
0 0.51359375 0.8057142857142857 0.012984375000000001 0.02531615925058548
0 0.4921875 0.7704918032786885 0.35 0.06557377049180328
