0 0.402921875 0.5260387811634349 0.035125 0.23770083102493075
0 0.136359375 0.6022160664819944 0.024953125 0.16886426592797785
0 0.0 0.5357063711911357 0.04746875 0.23191135734072021
0 0.0 0.6720221606648199 0.066140625 0.1662880886426593
0 0.07334375 0.6658171745152355 0.073609375 0.16243767313019392
0 0.21815625 0.539224376731302 0.028078125 0.08196675900277008
0 0.340359375 0.5584487534626038 0.030453124999999998 0.19096952908587256
0 0.3165 0.5286149584487535 0.028203125000000002 0.1266759002770083
0 0.179875 0.5423822714681441 0.0440625 0.08795013850415513
0 0.40353125 0.5003601108033241 0.027484375 0.06166204986149585
0 0.04046875 0.5531301939058172 0.005546875 0.023185595567867034
0 0.260109375 0.5872022160664819 0.027109375 0.17168975069252077
0 0.09953125 0.5513850415512466 0.00821875 0.02997229916897507
0 0.0421875 0.556786703601108 0.3265625 0.1883656509695291
