0 0.540265625 0.609338061465721 0.145171875 0.39066193853427894
0 0.41079687500000006 0.6452482269503546 0.053765625 0.23990543735224587
0 0.50753125 0.6105673758865248 0.06596874999999999 0.28541371158392437
0 0.26882812500000003 0.6449408983451537 0.053468749999999995 0.20673758865248226
0 0.179578125 0.6574940898345154 0.10482812500000001 0.3090307328605201
0 0.340265625 0.7299527186761229 0.04265625 0.15749408983451538
0 0.697625 0.649243498817967 0.074953125 0.23491725768321514
0 0.7752656250000001 0.6046572104018912 0.05746875 0.2890543735224586
0 0.6555625 0.6540898345153664 0.05234375 0.2195981087470449
0 0.004890625 0.6805910165484633 0.037765625000000004 0.16810874704491727
0 0.317984375 0.7743735224586289 0.02290625 0.07073286052009457
0 0.70096875 0.6117021276595744 0.0478125 0.27158392434988177
