0 0.22876 0.29543543543543543 0.06332 0.27573573573573573
0 0.08418 0.2928828828828829 0.0872 0.35666666666666663
0 0.40972000000000003 0.3164564564564564 0.0348 0.12174174174174174
0 0.46422 0.32279279279279277 0.02072 0.10957957957957959
0 0.51388 0.32414414414414416 0.013619999999999998 0.05114114114114114
0 0.44310000000000005 0.3287387387387387 0.01786 0.07324324324324324
0 0.91774 0.28444444444444444 0.04276 0.22225225225225226
0 0.48484 0.32513513513513514 0.02454 0.09792792792792793
0 0.45652 0.32684684684684684 0.0104 0.0675975975975976
0 0.9365399999999999 0.41576576576576574 0.06346 0.09096096096096096
0 0.47652 0.34402402402402404 0.01044 0.04672672672672673
0 0.65406 0.36663663663663665 0.12465999999999999 0.5545045045045045
