0 0.471296875 0.2249414519906323 0.258171875 0.6776112412177986
0 0.6663281249999999 0.1599297423887588 0.11470312499999999 0.30962529274004685
0 0.6641874999999999 0.0 0.33581249999999996 0.9887587822014051
0 0.32684375 0.04044496487119438 0.238390625 0.8292271662763465
0 0.165296875 0.08220140515222482 0.17881249999999999 0.8265807962529274
0 0.0015 0.07346604215456674 0.21290625 0.9056206088992974
0 0.370328125 0.004496487119437939 0.109453125 0.21798594847775174
0 0.15135937500000002 0.30723653395784545 0.05703125 0.1409367681498829
0 0.31310937499999997 0.32894613583138177 0.057640625 0.24662763466042156
0 0.0983125 0.4416393442622951 0.1506875 0.2226463700234192
0 0.34796875 0.2916627634660422 0.049171875 0.36564402810304447
0 0.63165625 0.23644028103044495 0.043046875 0.14824355971896955
