0 0.8181406250000001 0.4771458333333333 0.037343749999999995 0.11852083333333334
0 0.811125 0.5117291666666667 0.013843749999999998 0.07089583333333334
0 0.962703125 0.48341666666666666 0.02678125 0.109625
0 0.8539375 0.4735 0.034203125 0.13427083333333334
0 0.98040625 0.48725 0.01959375 0.09897916666666666
0 0.742890625 0.498375 0.01071875 0.03277083333333333
0 0.754828125 0.49912500000000004 0.012015625 0.03233333333333333
0 0.77059375 0.49789583333333337 0.01096875 0.036229166666666666
0 0.792109375 0.4998333333333333 0.00615625 0.0275625
0 0.80065625 0.5006458333333333 0.011703125 0.061812500000000006
0 0.94665625 0.49158333333333337 0.01703125 0.036166666666666666
0 0.684203125 0.49395833333333333 0.00584375 0.025020833333333332
0 0.6322656249999999 0.4907291666666667 0.007734375 0.029458333333333333
0 0.5859375 0.4270833333333333 0.1515625 0.12083333333333333
