0 0.40785937499999997 0.3640416666666667 0.21404687500000003 0.6112291666666666
0 0.0008906249999999999 0.35233333333333333 0.10715625 0.6476666666666666
0 0.50246875 0.3749166666666667 0.259078125 0.6250833333333333
0 0.687984375 0.3267083333333333 0.1841875 0.6466666666666666
0 0.30665624999999996 0.4983541666666667 0.05178125 0.08654166666666667
0 0.8670625 0.33664583333333337 0.044 0.08420833333333334
0 0.92675 0.30075 0.023984375 0.05864583333333333
0 0.42690625000000004 0.4497708333333333 0.039484375 0.08297916666666666
0 0.8528125 0.31460416666666663 0.146625 0.6674166666666667
0 0.5525781249999999 0.2638125 0.04371875 0.06279166666666666
0 0.416453125 0.4106666666666667 0.045421875 0.06533333333333333
0 0.9037656249999999 0.3368541666666667 0.03621875 0.08574999999999999
0 0.346375 0.4023333333333333 0.032140625 0.0964375
0 0.0015625 0.0125 0.996875 0.5666666666666667
