0 0.3825 0.7281875 0.061953125 0.2232916666666667
0 0.454546875 0.7587916666666668 0.036625000000000005 0.1310625
0 0.592359375 0.761625 0.032328125 0.110875
0 0.749640625 0.7617083333333333 0.031859375 0.0830625
0 0.8625937499999999 0.7520416666666667 0.037343749999999995 0.16987500000000003
0 0.928671875 0.7637083333333333 0.057484375 0.14820833333333333
0 0.9062812499999999 0.7584583333333333 0.022453124999999997 0.12522916666666667
0 0.8301875000000001 0.7553958333333333 0.024640625 0.1459375
0 0.48785937500000004 0.75925 0.0418125 0.106625
0 0.86346875 0.7589791666666666 0.014796875000000001 0.03964583333333334
0 0.669296875 0.7629166666666667 0.015890625 0.10566666666666666
0 0.6413593750000001 0.7603333333333333 0.011125 0.11347916666666666
0 0.861140625 0.7719166666666666 0.008203125 0.08383333333333334
0 0.1296875 0.34375 0.86875 0.6083333333333333
