0 0.3300702576112412 0.408984375 0.1874473067915691 0.41517187499999997
0 0.11451990632318501 0.323921875 0.07482435597189695 0.070015625
0 0.6488524590163934 0.196859375 0.03978922716627634 0.024125
0 0.6471428571428571 0.080625 0.11943793911007025 0.078015625
0 0.8681733021077283 0.2015 0.030304449648711942 0.02403125
0 0.8946604215456674 0.146875 0.10292740046838408 0.11628125
0 0.8361124121779859 0.14845312500000002 0.06810304449648712 0.063734375
0 0.8941686182669789 0.088765625 0.07540983606557378 0.05696875
0 0.8224355971896956 0.085640625 0.07573770491803279 0.063765625
0 0.7114754098360656 0.201515625 0.06782201405152224 0.021124999999999998
0 0.24702576112412178 0.302953125 0.06800936768149883 0.09425
0 0.7316627634660422 0.172515625 0.08194379391100703 0.050984375000000005
