0 0.612109375 0.19283333333333333 0.21525 0.7914791666666667
0 0.467515625 0.228625 0.10271875 0.29322916666666665
0 0.038593749999999996 0.23958333333333334 0.107375 0.3311041666666667
0 0.244375 0.22920833333333332 0.10787500000000001 0.2786666666666667
0 0.841625 0.324 0.0745 0.23277083333333334
0 0.161625 0.22941666666666669 0.09418750000000001 0.278125
0 0.91621875 0.31479166666666664 0.05646875 0.21822916666666667
0 0.391375 0.26295833333333335 0.08592187500000001 0.23825
0 0.558984375 0.37785416666666666 0.05596875 0.14572916666666666
0 0.97090625 0.40527083333333336 0.02734375 0.12572916666666667
