0 0.085671875 0.12353697749196142 0.1588125 0.5178617363344051
0 0.19875 0.07416398713826367 0.16815625 0.467411575562701
0 0.46082812500000003 0.555048231511254 0.22057812499999999 0.2067524115755627
0 0.37898437500000004 0.10215434083601287 0.14334375 0.4409163987138264
0 0.9101874999999999 0.16080385852090032 0.01865625 0.04906752411575563
0 0.9459375 0.16964630225080385 0.0206875 0.04001607717041801
0 0.17990625 0.10184887459807074 0.058265625 0.04020900321543409
0 0.3935625 0.1580064308681672 0.025750000000000002 0.036109324758842445
0 0.36843750000000003 0.1392765273311897 0.021296875 0.05707395498392283
0 0.88571875 0.13959807073954983 0.010578124999999999 0.023038585209003214
0 0.8272656250000001 0.14118971061093247 0.010859375000000001 0.019758842443729902
0 0.762375 0.12183279742765274 0.022468750000000003 0.029839228295819933
