0 0.25 0.02704166666666667 0.69965625 0.9306666666666668
0 0.0573125 0.05391666666666666 0.19718750000000002 0.8831666666666667
0 0.6725625 0.26175 0.07340624999999999 0.18979166666666666
0 0.64034375 0.13670833333333335 0.04190625 0.11437499999999999
0 0.624625 0.05695833333333333 0.0558125 0.10629166666666667
0 0.26378124999999997 0.13804166666666667 0.08325 0.17745833333333336
0 0.49484374999999997 0.08783333333333333 0.0476875 0.11170833333333333
0 0.25084375 0.2881666666666666 0.05378125 0.204125
0 0.7163125 0.20795833333333333 0.0595 0.11941666666666667
0 0.6919375 0.14066666666666666 0.058437499999999996 0.09558333333333334
0 0.6339375 0.30087499999999995 0.046375 0.16158333333333333
0 0.62003125 0.251875 0.03128125 0.09470833333333334
