0 0.523140625 0.4340238095238095 0.09803125 0.4986904761904762
0 0.187703125 0.4625 0.204640625 0.4881904761904762
0 0.07146875 0.4488571428571429 0.21503125 0.5455476190476191
0 0.640578125 0.44890476190476186 0.1498125 0.44690476190476186
0 0.44642187499999997 0.4225238095238095 0.078875 0.4965952380952381
0 0.34228125 0.4192619047619048 0.1134375 0.49688095238095237
0 0.60328125 0.4654761904761905 0.082390625 0.45066666666666666
0 0.86390625 0.26661904761904764 0.13525 0.6553095238095239
0 0.20460937499999998 0.5656904761904762 0.05225 0.1769047619047619
0 0.7160624999999999 0.4882857142857143 0.19824999999999998 0.3671904761904762
