0 0.6438906249999999 0.5325851703406813 0.03771875 0.15969939879759518
0 0.7329687500000001 0.5738476953907816 0.033328125 0.11464929859719439
0 0.458953125 0.504749498997996 0.011640625 0.07470941883767536
0 0.776234375 0.5263326653306613 0.0301875 0.15034068136272544
0 0.8932656250000001 0.48975951903807613 0.014687500000000001 0.04677354709418838
0 0.5480625 0.5002805611222445 0.0208125 0.06881763527054109
0 0.519578125 0.49597194388777555 0.01559375 0.06541082164328657
0 0.372125 0.4928256513026052 0.014421875 0.03717434869739479
0 0.762640625 0.5536673346693386 0.0255625 0.13162324649298598
0 0.8441875 0.4867334669338677 0.04328125 0.05356713426853708
0 0.747171875 0.4998997995991984 0.014359374999999999 0.02909819639278557
0 0.492125 0.5032064128256513 0.016828125 0.06308617234468938
0 0.538765625 0.5061122244488978 0.0099375 0.04783567134268537
0 0.15 0.44488977955911824 0.8203125 0.1282565130260521
