0 0.4094600938967136 0.29978125 0.2739671361502347 0.5174218749999999
0 0.7796244131455399 0.371671875 0.08523474178403756 0.067484375
0 0.6885915492957746 0.33381249999999996 0.095 0.072171875
0 0.8299295774647888 0.289390625 0.06887323943661972 0.064265625
0 0.802300469483568 0.266859375 0.05746478873239437 0.056359375
0 0.8811032863849766 0.252546875 0.055 0.063859375
0 0.8419953051643192 0.14750000000000002 0.03619718309859155 0.050078124999999994
0 0.687018779342723 0.11696875 0.07474178403755868 0.095890625
0 0.4192488262910798 0.13929687500000001 0.0681924882629108 0.059484375
0 0.786431924882629 0.315578125 0.07251173708920187 0.06384375
0 0.5523708920187793 0.16959375000000002 0.05901408450704226 0.0568125
0 0.37009389671361503 0.12615625 0.05248826291079812 0.04234375
0 0.6817840375586854 0.40725 0.1163849765258216 0.08545312499999999
