0 0.4292156862745098 0.15243464052287584 0.3595424836601307 0.4044934640522876
0 0.7008496732026144 0.6539869281045751 0.03707516339869281 0.07415032679738562
0 0.7966666666666666 0.6734803921568627 0.032875816993464056 0.038088235294117645
0 0.8555555555555556 0.6602777777777777 0.02080065359477124 0.06045751633986928
0 0.9054411764705882 0.6346078431372549 0.03511437908496732 0.08553921568627451
0 0.9456535947712419 0.6358986928104575 0.021013071895424836 0.04148692810457517
0 0.2955718954248366 0.7197875816993464 0.03447712418300654 0.0626797385620915
0 0.4072222222222222 0.685702614379085 0.021568627450980392 0.04008169934640523
0 0.3450653594771242 0.6866993464052288 0.03820261437908497 0.06540849673202614
0 0.3762745098039216 0.6876797385620915 0.03107843137254902 0.06102941176470589
0 0.031911764705882355 0.42730392156862745 0.047892156862745096 0.12519607843137256
