0 0.878015625 0.7991334894613583 0.02265625 0.12257611241217799
0 0.9073437500000001 0.8081733021077283 0.01946875 0.09320843091334893
0 0.93396875 0.8098829039812646 0.0161875 0.08730679156908665
0 0.91890625 0.8059718969555034 0.014624999999999999 0.09072599531615926
0 0.76571875 0.7959250585480094 0.025484374999999997 0.11456674473067915
0 0.78778125 0.8063700234192037 0.0214375 0.10227166276346604
0 0.9843125 0.8095081967213116 0.0156875 0.10016393442622952
0 0.47478125000000004 0.7961592505854801 0.016593749999999997 0.0888992974238876
0 0.872453125 0.7991569086651054 0.009 0.09021077283372365
0 0.24978125 0.789320843091335 0.0053437499999999995 0.027517564402810304
0 0.459765625 0.7929274004683841 0.014765625 0.09110070257611241
0 0.487484375 0.8356440281030445 0.002375 0.01332552693208431
0 0.8954531250000001 0.824215456674473 0.01534375 0.0494847775175644
