0 0.17953125 0.22616666666666668 0.6728125 0.7738333333333334
0 0.732 0.19164583333333332 0.04625 0.18602083333333336
0 0.673046875 0.18364583333333334 0.049890625 0.19954166666666667
0 0.62671875 0.24429166666666668 0.044515624999999996 0.13241666666666668
0 0.578125 0.20429166666666668 0.031671875 0.07793749999999999
0 0.554796875 0.19320833333333332 0.026875 0.06004166666666667
0 0.020749999999999998 0.20629166666666665 0.011578125 0.042749999999999996
0 0.53078125 0.20895833333333333 0.02153125 0.0228125
0 0.04796875 0.239375 0.0503125 0.11264583333333333
0 0.606640625 0.204625 0.031671875 0.12297916666666667
