0 0.588421875 0.7766823529411764 0.10120312499999999 0.2233176470588235
0 0.7210625 0.7333411764705883 0.11690624999999999 0.266
0 0.689125 0.7618588235294118 0.039046874999999995 0.1585411764705882
0 0.949234375 0.7004470588235294 0.050765625 0.26538823529411765
0 0.23224999999999998 0.787835294117647 0.005640625 0.02350588235294118
0 0.22859375 0.833364705882353 0.014703125000000001 0.0728
0 0.142375 0.8326823529411764 0.028968749999999998 0.06390588235294117
0 0.65521875 0.722964705882353 0.017343749999999998 0.027811764705882355
0 0.274546875 0.8184705882352942 0.01228125 0.05665882352941176
0 0.18140625 0.828 0.007593750000000001 0.03496470588235294
0 0.001546875 0.8246117647058823 0.02434375 0.07124705882352941
0 0.30265624999999996 0.8186588235294118 0.02384375 0.07983529411764706
0 0.28317187499999996 0.8167058823529413 0.011609375 0.05832941176470588
0 0.034375 0.7152941176470589 0.778125 0.2635294117647059
