0 0.166140625 0.029436619718309857 0.309875 0.5752582159624413
0 0.56790625 0.3408920187793427 0.054265625 0.3206103286384977
0 0.60928125 0.35931924882629107 0.0515625 0.3039201877934272
0 0.6895625 0.3534037558685446 0.07146875 0.31065727699530515
0 0.759859375 0.29438967136150235 0.11068750000000001 0.4337089201877934
0 0.17690625 0.3561737089201878 0.074515625 0.31161971830985913
0 0.358203125 0.43849765258215967 0.03046875 0.07131455399061033
0 0.26965625000000004 0.43476525821596246 0.062281249999999996 0.21833333333333335
0 0.398484375 0.42495305164319247 0.026296874999999997 0.0942018779342723
0 0.015437500000000002 0.34976525821596244 0.050375 0.3176525821596244
