1 0.591391 0.494417 0.055844 0.107917
1 0.804875 0.50099 0.042594 0.132312
1 0.893805 0.484583 0.057984 0.10275
1 0.946164 0.583917 0.106734 0.137792
1 0.722078 0.539365 0.070187 0.123271
1 0.745008 0.414948 0.022828 0.031521
1 0.846555 0.598229 0.100828 0.142625
0 0.048031 0.66325 0.096062 0.526417
0 0.372617 0.272021 0.024234 0.070792
0 0.823516 0.53725 0.094125 0.212667
0 0.154211 0.589896 0.133141 0.496625
0 0.297258 0.327385 0.034359 0.118104
0 0.200109 0.31449 0.036031 0.116854
0 0.743625 0.510333 0.080563 0.182625
0 0.924172 0.523062 0.138375 0.190375
0 0.315969 0.300823 0.025219 0.111562
0 0.658539 0.433448 0.069984 0.215604
0 0.419664 0.282042 0.034641 0.051208
0 0.284133 0.414146 0.061109 0.082958
0 0.321875 0.3125 0.20625 0.129167
