0 0.033828125 0.0735625 0.051312500000000004 0.15841666666666668
0 0.1881875 0.019958333333333335 0.057734375000000004 0.16995833333333332
0 0.1258125 0.1293125 0.06165625 0.24185416666666668
0 0.238203125 0.0466875 0.0708125 0.16979166666666667
0 0.076828125 0.14737499999999998 0.07175000000000001 0.2445
0 0.549984375 0.1449375 0.041281250000000005 0.08122916666666667
0 0.5820000000000001 0.12958333333333333 0.039218750000000004 0.09202083333333334
0 0.379140625 0.15827083333333333 0.053109375 0.08695833333333333
0 0.28454687500000003 0.1275 0.0318125 0.08516666666666667
0 0.606234375 0.16414583333333335 0.046203125 0.17664583333333334
0 0.7800625 0.22497916666666665 0.02996875 0.11245833333333333
0 0.31575000000000003 0.10454166666666667 0.05090625 0.10660416666666667
0 0.375453125 0.13385416666666666 0.037 0.050312499999999996
