0 0.740983606557377 0.182015625 0.25901639344262295 0.687640625
0 0.6548946135831382 0.115984375 0.13166276346604217 0.222984375
0 0.8023653395784544 0.20175 0.0746135831381733 0.0729375
0 0.26210772833723656 0.17276562499999998 0.2113817330210773 0.270046875
0 0.13070257611241218 0.166875 0.3598360655737705 0.8211718749999999
0 0.02913348946135831 0.134625 0.4400702576112412 0.488
0 0.0 0.039421875 0.4084543325526932 0.9504374999999999
0 0.41505854800936764 0.165765625 0.11629976580796252 0.21365625000000002
0 0.749367681498829 0.1736875 0.0609367681498829 0.1013125
0 0.4614285714285714 0.159546875 0.4210304449648712 0.786515625
0 0.5202576112412178 0.159609375 0.06740046838407494 0.08353125
0 0.656744730679157 0.2691875 0.04744730679156909 0.13115625
0 0.37185011709601873 0.11159375 0.14147540983606557 0.071078125
