0 0.485375 0.5254166666666666 0.07965625 0.18091666666666667
0 0.6856875 0.49272916666666666 0.06871875 0.20920833333333333
0 0.625578125 0.5733958333333333 0.0675 0.122625
0 0.083328125 0.39814583333333337 0.038171875 0.11566666666666667
0 0.288203125 0.8667291666666667 0.21742187500000001 0.11910416666666666
0 0.52459375 0.7734791666666666 0.1454375 0.22652083333333334
0 0.8091250000000001 0.5236458333333334 0.190875 0.46622916666666664
0 0.14471875 0.8935416666666666 0.14953125 0.10645833333333334
0 0.66540625 0.7737499999999999 0.086671875 0.13685416666666667
0 0.520609375 0.778 0.070921875 0.20183333333333334
0 0.443171875 0.8704791666666666 0.08984375 0.12952083333333334
0 0.61109375 0.39895833333333336 0.02271875 0.030312500000000003
