0 0.586703125 0.6552916666666667 0.032890625 0.10729166666666666
0 0.5751875 0.5695 0.029765625 0.11170833333333333
0 0.41576562499999997 0.502625 0.025390625 0.0439375
0 0.37903125000000004 0.5112291666666666 0.013890625 0.026125
0 0.338078125 0.490125 0.00846875 0.02364583333333333
0 0.326125 0.48625 0.012125 0.020458333333333335
0 0.788859375 0.8057291666666667 0.026703125 0.1316875
0 0.374265625 0.5115833333333334 0.007734375 0.02022916666666667
0 0.188546875 0.7397291666666667 0.019203124999999998 0.03852083333333333
0 0.08842187500000001 0.6681875 0.016140625 0.05985416666666667
0 0.697734375 0.818625 0.03509375 0.12295833333333334
0 0.400078125 0.5078125 0.01365625 0.03395833333333333
