0 0.6235937500000001 0.7550625 0.17359375 0.23145833333333332
0 0.396703125 0.6668125 0.080828125 0.3080625
0 0.69778125 0.6264166666666667 0.027359375000000002 0.1234375
0 0.7327343749999999 0.6173958333333334 0.036828125 0.13185416666666666
0 0.3480625 0.6158125 0.026453125 0.08633333333333333
0 0.760671875 0.6216458333333333 0.024531249999999998 0.0878125
0 0.724140625 0.6055833333333334 0.02153125 0.10097916666666666
0 0.78771875 0.6145416666666667 0.017234375 0.057041666666666664
0 0.78190625 0.6150833333333333 0.0089375 0.029375
0 0.698390625 0.620125 0.0144375 0.050333333333333334
0 0.76678125 0.6073333333333333 0.010390625 0.023395833333333334
0 0.71028125 0.6169375 0.008546874999999999 0.015270833333333334
0 0.6388281250000001 0.5907916666666666 0.006812500000000001 0.026500000000000003
