0 0.241792656587473 0.635859375 0.12518358531317494 0.104203125
0 0.12751619870410366 0.644515625 0.1265658747300216 0.082609375
0 0.5342764578833693 0.69625 0.11706263498920087 0.074953125
0 0.1304535637149028 0.212796875 0.2578401727861771 0.1483125
0 0.7511015118790496 0.722796875 0.12963282937365012 0.093796875
0 0.6823974082073434 0.70034375 0.12362850971922247 0.0853125
0 0.08092872570194384 0.6266093749999999 0.08673866090712742 0.09276562499999999
0 0.007300215982721382 0.623140625 0.10004319654427646 0.084125
0 0.8654427645788336 0.735359375 0.05049676025917926 0.066796875
0 0.36794816414686826 0.652109375 0.18943844492440604 0.16153125
0 0.33976241900647947 0.651546875 0.059481641468682504 0.074328125
0 0.8967170626349892 0.761859375 0.09334773218142549 0.04740625
