0 0.72196875 0.6370312499999999 0.168171875 0.3026875
0 0.8471875000000001 0.561796875 0.11612499999999999 0.23345312499999998
0 0.5957656250000001 0.697890625 0.1713125 0.302109375
0 0.359140625 0.68834375 0.24453125 0.31165625
0 0.134234375 0.59209375 0.295296875 0.40790625
0 0.8322499999999999 0.61215625 0.037890625 0.05321875
0 0.54634375 0.7644062500000001 0.07132812499999999 0.07184375
0 0.8446562500000001 0.636765625 0.15242187499999998 0.363234375
0 0.39090625 0.693453125 0.056843750000000005 0.11873437499999999
0 0.756328125 0.6151093750000001 0.048562499999999995 0.11859375000000001
