0 0.18521875000000002 0.48283783783783785 0.143953125 0.4965990990990991
0 0.31043750000000003 0.48988738738738735 0.140109375 0.49439189189189187
0 0.443328125 0.4931306306306306 0.135859375 0.5068693693693694
0 0.5756875 0.514527027027027 0.13670312499999998 0.485472972972973
0 0.701953125 0.514009009009009 0.13703125 0.48518018018018017
0 0.699796875 0.342454954954955 0.11685937500000002 0.3445495495495495
0 0.5839375 0.33563063063063064 0.119015625 0.30448198198198195
0 0.357015625 0.32360360360360363 0.11379687499999999 0.33707207207207207
0 0.25715625000000003 0.3409234234234234 0.101671875 0.32691441441441443
0 0.12940625 0.34085585585585587 0.1214375 0.6184009009009009
0 0.46706250000000005 0.2949099099099099 0.1261875 0.30666666666666664
