0 0.788828125 0.7827916666666667 0.0565625 0.13072916666666667
0 0.8596406249999999 0.768625 0.03771875 0.06235416666666667
0 0.653703125 0.7961458333333333 0.025687500000000002 0.06847916666666666
0 0.9529687499999999 0.7642083333333333 0.020984375 0.024291666666666666
0 0.789828125 0.8146041666666667 0.0173125 0.038625
0 0.908328125 0.7229166666666667 0.034703125 0.04927083333333333
0 0.902734375 0.7656458333333334 0.015328125000000001 0.030208333333333334
0 0.711125 0.7968541666666666 0.016953125 0.0175
0 0.7704375 0.8512500000000001 0.012546874999999999 0.04416666666666667
0 0.938265625 0.7694166666666666 0.017703125 0.02372916666666667
