0 0.195391 0.578053 0.057063 0.140622
0 0.310297 0.754482 0.061594 0.283018
0 0.620945 0.747477 0.071641 0.149654
0 0.417227 0.694873 0.067047 0.214585
0 0.923422 0.70682 0.065625 0.108433
0 0.963453 0.677465 0.034187 0.080138
0 0.673414 0.861624 0.084172 0.225691
61 0.686156 0.922373 0.074063 0.109217
61 0.609258 0.933203 0.078547 0.083871
61 0.466039 0.937051 0.083297 0.079493
61 0.109211 0.905023 0.110453 0.144378
61 0.79 0.89129 0.056188 0.160691
61 0.973078 0.730841 0.021 0.054217
61 0.578023 0.647062 0.030297 0.035599
61 0.604672 0.622051 0.02975 0.068571
61 0.626672 0.648537 0.028687 0.031728
61 0.855883 0.800876 0.045297 0.098203
0 0.544055 0.776866 0.102547 0.146774
0 0.645789 0.62591 0.038016 0.081774
61 0.369492 0.919378 0.089234 0.119217
61 0.924523 0.80553 0.068266 0.12977
0 0.568984 0.884735 0.100281 0.181682
0 0.825695 0.759793 0.065078 0.139862
0 0.850141 0.693687 0.048375 0.080691
61 0.427781 0.872903 0.039156 0.162028
0 0.383859 0.766555 0.064625 0.269332
0 0.54375 0.695853 0.821875 0.37788
61 0.527344 0.664747 0.589063 0.168203
