0 0.3146604215456675 0.39587500000000003 0.030304449648711942 0.07520312500000001
0 0.2739110070257611 0.394265625 0.043887587822014046 0.08478125
0 0.25393442622950824 0.393984375 0.031288056206088995 0.07535937499999999
0 0.602950819672131 0.399953125 0.06793911007025762 0.08479687500000001
0 0.1792505854800937 0.471078125 0.05531615925058548 0.162953125
0 0.15934426229508197 0.40171875 0.0331615925058548 0.038578125000000005
0 0.02775175644028103 0.394296875 0.1744496487119438 0.342515625
0 0.36540983606557376 0.40239062499999995 0.024847775175644026 0.050234375
0 0.18243559718969557 0.401625 0.029859484777517563 0.038359375
0 0.24002341920374706 0.412640625 0.019039812646370027 0.03046875
0 0.017517564402810305 0.40021874999999996 0.062014051522248245 0.13759375000000001
0 0.39901639344262296 0.39665625000000004 0.02215456674473068 0.045125
