0 0.8151093749999999 0.7534583333333333 0.0733125 0.2465416666666667
0 0.77671875 0.7942708333333334 0.048296875 0.20214583333333333
0 0.70659375 0.7704583333333334 0.083859375 0.22954166666666667
0 0.631953125 0.7189374999999999 0.0831875 0.2810625
0 0.458546875 0.8033333333333333 0.0890625 0.12347916666666667
0 0.40771875 0.711625 0.073828125 0.25727083333333334
0 0.33614062499999997 0.6824583333333333 0.065625 0.29808333333333337
0 0.043296875 0.7527291666666667 0.0390625 0.13666666666666666
0 0.051859375 0.7067916666666666 0.041234375000000004 0.15716666666666665
0 0.24114062500000003 0.7916041666666668 0.093171875 0.08364583333333334
0 0.14484375 0.77575 0.042453125 0.09358333333333334
0 0.092578125 0.7601458333333333 0.037578125000000004 0.06899999999999999
0 0.219203125 0.7495208333333333 0.051171875 0.10041666666666667
0 0.00625 0.38958333333333334 0.9859375 0.5520833333333334
