0 0.4609810671256454 0.5996875 0.025903614457831327 0.049703125
0 0.4826506024096386 0.59934375 0.032461273666092944 0.070984375
0 0.5443373493975904 0.60634375 0.03824440619621342 0.061
0 0.5578657487091222 0.5729375 0.0182960413080895 0.041296875
0 0.9029948364888124 0.71925 0.037332185886402754 0.05014062500000001
0 0.9618588640275387 0.6895781249999999 0.037056798623063686 0.068546875
0 0.5087091222030982 0.56828125 0.02201376936316695 0.05828124999999999
0 0.5902581755593804 0.567421875 0.023407917383820996 0.054078125
0 0.5774870912220309 0.56203125 0.021239242685025816 0.043765625
0 0.6090189328743545 0.60946875 0.030826161790017213 0.035562500000000004
0 0.5172117039586919 0.546671875 0.01793459552495697 0.0520625
0 0.22015490533562823 0.44514062499999996 0.008089500860585198 0.012562499999999999
0 0.9587435456110155 0.674203125 0.021394148020654043 0.05496875
