0 0.03715625 0.08958333333333333 0.425203125 0.8833974358974359
0 0.542640625 0.04368589743589744 0.11703125 0.4478525641025641
0 0.42585937500000004 0.25538461538461543 0.0821875 0.215224358974359
0 0.49982812499999996 0.2823076923076923 0.044671875 0.20564102564102563
0 0.01578125 0.24605769230769228 0.047109374999999995 0.1885897435897436
0 0.3595625 0.2931730769230769 0.053890625000000004 0.16900641025641025
0 0.705859375 0.07846153846153846 0.11781250000000001 0.6582692307692307
0 0.9313125 0.17711538461538462 0.067328125 0.342724358974359
0 0.87859375 0.15506410256410258 0.08106250000000001 0.3483012820512821
0 0.807390625 0.14381410256410257 0.08215625 0.3617948717948718
0 0.0468125 0.3006410256410256 0.11950000000000001 0.38346153846153846
0 0.523609375 0.22467948717948716 0.0373125 0.13580128205128203
0 0.675390625 0.2703525641025641 0.04071875 0.21798076923076926
0 0.0 0.10256410256410256 0.9046875 0.657051282051282
