0 0.749867 0.607859 0.267109 0.573035
0 0.094008 0.477165 0.160797 0.342141
0 0.673773 0.447494 0.053078 0.224824
0 0.569305 0.411882 0.184016 0.266447
61 0.04982 0.5976 0.093141 0.267906
61 0.130734 0.547624 0.105344 0.240753
0 0.451 0.416812 0.114656 0.221435
0 0.621938 0.383082 0.053094 0.162024
0 0.222453 0.347706 0.041188 0.058612
0 0.185758 0.378659 0.049922 0.109365
0 0.681078 0.505694 0.051844 0.131671
0 0.411648 0.502565 0.239141 0.406494
0 0.245484 0.706376 0.308906 0.564047
61 0.050258 0.892859 0.097078 0.202894
0 0.250844 0.397365 0.097906 0.110588
0 0.030109 0.392247 0.057563 0.107271
