0 0.51875 0.26517564402810306 0.39582812500000003 0.6921311475409837
0 0.12368749999999999 0.5343091334894614 0.30328125 0.4145901639344262
0 0.86625 0.0 0.13148437500000001 0.1681967213114754
0 0.7496562499999999 0.0 0.1244375 0.16629976580796255
0 0.5948125 0.01028103044496487 0.137296875 0.16278688524590165
0 0.21023437500000003 0.0 0.141796875 0.22245901639344262
0 0.07946875 0.0022482435597189696 0.095953125 0.15730679156908667
0 0.0071874999999999994 0.0 0.090078125 0.20037470725995316
0 0.613609375 0.0 0.118328125 0.08292740046838407
0 0.49709375 0.0037236533957845435 0.100734375 0.1757377049180328
0 0.015562500000000002 0.38004683840749415 0.20224999999999999 0.5645901639344263
0 0.462984375 0.0015456674473067916 0.147171875 0.12868852459016394
