0 0.72394 0.6148656716417911 0.10402 0.37382089552238806
0 0.60856 0.646955223880597 0.022260000000000002 0.05832835820895522
0 0.5622 0.6246865671641791 0.01732 0.06549253731343284
0 0.50612 0.6154925373134328 0.02586 0.08608955223880597
0 0.48519999999999996 0.6176716417910447 0.0219 0.07743283582089552
0 0.7304400000000001 0.6411641791044775 0.02818 0.059791044776119406
0 0.65462 0.6365373134328358 0.0216 0.11101492537313432
0 0.31086 0.5756119402985075 0.01428 0.07158208955223881
0 0.36695999999999995 0.586955223880597 0.024480000000000002 0.06985074626865671
0 0.66876 0.6697611940298508 0.02212 0.06077611940298507
0 0.58794 0.6265671641791045 0.01516 0.06791044776119402
0 0.6932999999999999 0.6152238805970149 0.03792 0.21946268656716417
0 0.126 0.5701492537313433 0.572 0.16716417910447762
