0 0.15702000000000002 0.4714933333333333 0.13684000000000002 0.5224
0 0.58904 0.5349066666666666 0.019440000000000002 0.09413333333333332
0 0.47984 0.5089066666666667 0.054200000000000005 0.22669333333333336
0 0.50392 0.47703999999999996 0.08518 0.29087999999999997
0 0.79726 0.5129333333333334 0.03678 0.10392
0 0.83376 0.48832000000000003 0.05316 0.18367999999999998
0 0.92522 0.44136 0.07054 0.3328
0 0.30345999999999995 0.5388000000000001 0.061020000000000005 0.17930666666666664
0 0.8273400000000001 0.5226133333333333 0.0132 0.06728
0 0.74748 0.5102666666666666 0.01026 0.03717333333333333
0 0.6678999999999999 0.53336 0.016980000000000002 0.07341333333333333
0 0.6454 0.5141866666666667 0.0044599999999999996 0.02648
0 0.6565 0.5174666666666667 0.009300000000000001 0.034
0 0.716 0.49866666666666665 0.11 0.072
