0 0.24771875 0.42958620689655175 0.10379687500000001 0.3528505747126437
0 0.288421875 0.2775632183908046 0.103640625 0.24372413793103448
0 0.48453125 0.2793793103448276 0.101765625 0.25501149425287356
0 0.8358281249999999 0.27082758620689656 0.122828125 0.3726896551724138
0 0.774734375 0.6460459770114942 0.176390625 0.34450574712643683
0 0.560359375 0.6271954022988505 0.15326562500000002 0.3686206896551724
0 0.411546875 0.4172183908045977 0.113984375 0.39411494252873563
0 0.5681875 0.40225287356321837 0.10232812499999999 0.2831494252873563
0 0.04796875 0.5619770114942529 0.149015625 0.4161149425287356
0 0.15732812499999999 0.6786436781609195 0.18328125 0.3078620689655172
0 0.31390625 0.6633103448275862 0.155046875 0.3312643678160919
0 0.46585937499999996 0.6516781609195402 0.151203125 0.3258390804597701
0 0.6630625 0.4236551724137931 0.08503125 0.3238620689655172
0 0.059375 0.04367816091954023 0.9328125 0.9517241379310345
