0 0.311453125 0.29852367688022285 0.195171875 0.5685793871866296
0 0.594546875 0.10576601671309192 0.055640625 0.12649025069637881
0 0.16446875 0.09880222841225626 0.07270312500000001 0.13130919220055712
0 0.21593749999999998 0.01573816155988858 0.061375 0.2022284122562674
0 0.76925 0.0898050139275766 0.086140625 0.14309192200557103
0 0.46496875 0.09540389972144847 0.05671875 0.13481894150417828
0 0.6519999999999999 0.10629526462395542 0.061765625000000005 0.12412256267409472
0 0.5078437499999999 0.03584958217270195 0.055937499999999994 0.155041782729805
0 0.5172343749999999 0.13754874651810586 0.0483125 0.09362116991643454
0 0.11596875 0.0988857938718663 0.0605 0.13481894150417828
0 0.849625 0.36520891364902514 0.098609375 0.20189415041782732
0 0.71765625 0.09799442896935934 0.06301562499999999 0.13387186629526462
0 0.40146875 0.10785515320334262 0.063359375 0.12947075208913647
