0 0.08870312500000001 0.051604166666666666 0.0758125 0.18925
0 0.14932812499999998 0.036000000000000004 0.16946875 0.20583333333333334
0 0.3126875 0.035458333333333335 0.080765625 0.19545833333333332
0 0.38240625 0.027875 0.069421875 0.20416666666666666
0 0.45323437499999997 0.036333333333333336 0.12584375 0.19370833333333334
0 0.766375 0.10922916666666667 0.058078125 0.22347916666666665
0 0.907421875 0.111375 0.07778125 0.14604166666666665
0 0.68946875 0.05516666666666667 0.0874375 0.3138958333333333
0 0.621171875 0.1144375 0.049812499999999996 0.1269375
0 0.5698125 0.09539583333333333 0.041140625 0.13616666666666666
0 0.81934375 0.14810416666666668 0.041828125 0.08387499999999999
0 0.900515625 0.1034375 0.099484375 0.2677083333333333
0 0.8842187499999999 0.1219375 0.050249999999999996 0.07035416666666668
