0 0.62225 0.30338028169014086 0.13760937499999998 0.6966197183098591
0 0.16498437500000002 0.3204929577464789 0.11153125 0.5494131455399062
0 0.6992812500000001 0.2729577464788732 0.087015625 0.16476525821596244
0 0.69434375 0.1641549295774648 0.121484375 0.1952112676056338
0 0.549484375 0.0 0.06371875 0.32164319248826295
0 0.79096875 0.0010563380281690142 0.089765625 0.11922535211267606
0 0.41284375000000006 0.2741549295774648 0.172015625 0.6764084507042253
0 0.602515625 0.0005633802816901409 0.058859375000000005 0.3241549295774648
0 0.38932812499999997 0.1870892018779343 0.08575 0.13943661971830987
0 0.175171875 0.19375586854460095 0.064265625 0.1407981220657277
0 0.07928125 0.20568075117370893 0.0915 0.12131455399061032
0 0.328953125 0.21981220657276995 0.068578125 0.10302816901408451
0 0.8382968749999999 0.15476525821596246 0.11581250000000001 0.19906103286384977
