0 0.51653125 0.7651288056206088 0.040953125 0.16779859484777518
0 0.56471875 0.7750819672131147 0.045640625000000004 0.16201405152224826
0 0.8991562500000001 0.4830444964871194 0.01484375 0.01927400468384075
0 0.921046875 0.4933021077283372 0.007890625 0.011405152224824357
0 0.801953125 0.5236768149882904 0.004796875 0.016651053864168618
0 0.9741250000000001 0.505480093676815 0.0043437499999999995 0.017634660421545666
0 0.91146875 0.48669789227166277 0.0043437499999999995 0.021733021077283372
0 0.889109375 0.5355035128805621 0.0045 0.013091334894613582
0 0.9585625 0.5087587822014051 0.010734375 0.0151288056206089
0 0.87753125 0.5399297423887588 0.004046875 0.01332552693208431
0 0.26659375 0.6005620608899297 0.00640625 0.008852459016393442
0 0.11984375 0.5639578454332552 0.010796875000000001 0.04156908665105386
0 0.13453125 0.6080562060889929 0.00696875 0.014683840749414518
0 0.0109375 0.477751756440281 0.9015625 0.1522248243559719
