0 0.36259375 0.5486784140969163 0.149703125 0.26374449339207046
0 0.49701562499999996 0.3809251101321586 0.11028125 0.21643171806167402
0 0.5666249999999999 0.4658810572687224 0.07270312500000001 0.11700440528634361
0 0.609171875 0.4050440528634361 0.08149999999999999 0.17332599118942732
0 0.2745625 0.23409691629955948 0.055515625 0.16237885462555066
0 0.21145312500000002 0.29590308370044055 0.040671875 0.07865638766519824
0 0.147625 0.33991189427312773 0.040296874999999996 0.0718942731277533
0 0.07370312500000001 0.37746696035242294 0.033703125 0.07420704845814978
0 0.7113437499999999 0.2045594713656388 0.05571875 0.06312775330396476
0 0.7244531249999999 0.24863436123348018 0.052531249999999995 0.06654185022026432
0 0.45578124999999997 0.4104845814977974 0.0333125 0.044008810572687226
0 0.09035937499999999 0.2927312775330397 0.045234375 0.06129955947136564
0 0.18409375 0.3354625550660793 0.05065625 0.125
