0 0.16252083333333334 0.331265625 0.496625 0.659140625
0 0.6479583333333333 0.3556875 0.04897916666666667 0.084125
0 0.6105 0.358984375 0.026395833333333334 0.07573437499999999
0 0.5354375 0.36625 0.029854166666666668 0.06696875
0 0.5075416666666667 0.359015625 0.024270833333333335 0.074484375
0 0.6262083333333333 0.17528125 0.36854166666666666 0.8067343749999999
0 0.6455208333333334 0.3940625 0.008854166666666666 0.03365625
0 0.5812916666666667 0.35348437499999996 0.0308125 0.078359375
0 0.5636041666666666 0.36084375 0.020520833333333332 0.07129687500000001
0 0.4480625 0.34928125 0.035270833333333335 0.084390625
