0 0.18866 0.7339200000000001 0.42110000000000003 0.26608
0 0.8167000000000001 0.2928 0.04082 0.14010666666666666
0 0.11704 0.30573333333333336 0.03296 0.09290666666666668
0 0.85838 0.21309333333333333 0.0143 0.023626666666666664
0 0.15480000000000002 0.37621333333333334 0.07316 0.22863999999999998
0 0.7130599999999999 0.7736533333333333 0.1681 0.21426666666666666
0 0.62448 0.91544 0.10124 0.08456
0 0.01238 0.7087199999999999 0.2388 0.27832
0 0.531 0.7352533333333334 0.14436000000000002 0.2647466666666667
0 0.6702 0.78696 0.040920000000000005 0.04525333333333333
0 0.71176 0.28973333333333334 0.0282 0.08333333333333333
0 0.89302 0.7609333333333334 0.1041 0.23906666666666668
0 0.6607000000000001 0.7962666666666667 0.09008 0.16816
0 0.0 0.08533333333333333 0.914 0.8666666666666667
