0 0.83290625 0.6048826291079812 0.07585937499999999 0.38948356807511736
0 0.78296875 0.5961971830985915 0.049390625 0.4024413145539906
0 0.14459375000000002 0.7276056338028168 0.007765625 0.052065727699530516
0 0.196765625 0.7395774647887324 0.0040625 0.02403755868544601
0 0.5843906249999999 0.6883568075117371 0.003 0.022347417840375586
0 0.16078125000000001 0.7309859154929577 0.00453125 0.04596244131455399
0 0.9692031249999999 0.6573239436619718 0.016046875 0.13427230046948357
0 0.232125 0.7333333333333333 0.00478125 0.026056338028169014
0 0.2231875 0.734037558685446 0.00421875 0.020281690140845073
0 0.975390625 0.5666197183098591 0.024609375 0.3327699530516432
0 0.207296875 0.7423943661971831 0.0023125 0.02056338028169014
0 0.904046875 0.6398122065727699 0.075484375 0.36018779342723006
0 0.0015625 0.5915492957746479 0.984375 0.2300469483568075
