0 0.3536533957845433 0.238203125 0.602903981264637 0.588765625
0 0.9039344262295083 0.439265625 0.09032786885245901 0.11674999999999999
0 0.8913348946135832 0.372796875 0.09948477751756439 0.0764375
0 0.7791334894613583 0.36539062499999997 0.13426229508196721 0.11376562500000001
0 0.49576112412177986 0.38342187499999997 0.08309133489461358 0.07584375
0 0.3246370023419204 0.384546875 0.16658079625292738 0.070609375
0 0.2186416861826698 0.487328125 0.1356440281030445 0.105625
0 0.21985948477751754 0.55234375 0.13288056206088994 0.10471875
0 0.38395784543325523 0.591 0.16676814988290398 0.066296875
0 0.8433723653395785 0.451234375 0.11156908665105386 0.127515625
0 0.031522248243559724 0.5545 0.15131147540983605 0.100953125
0 0.10187353629976581 0.501328125 0.1252927400468384 0.0984375
0 0.7186416861826698 0.156125 0.07894613583138174 0.07990625
0 0.00234192037470726 0.0 0.9953161592505855 0.671875
