0 0.09628125 0.3235886214442013 0.154046875 0.6764113785557987
0 0.35681250000000003 0.40932166301969364 0.019390625 0.06304157549234135
0 0.6387968749999999 0.41455142231947484 0.018015625 0.05805251641137856
0 0.8032343750000001 0.4087527352297593 0.031609375 0.12172866520787747
0 0.891375 0.44334792122538297 0.01096875 0.032188183807439825
0 0.9071562500000001 0.42975929978118166 0.02315625 0.058577680525164114
0 0.055265625 0.4161925601750547 0.043234375000000005 0.06277899343544859
0 0.4324375 0.4121881838074398 0.012203124999999999 0.030284463894967178
0 0.0044843750000000005 0.4350984682713348 0.0140625 0.051641137855579874
0 0.470703125 0.3878993435448578 0.07365625 0.29371991247264767
