0 0.31843750000000004 0.15382075471698112 0.131625 0.3202358490566038
0 0.379265625 0.31412735849056606 0.11971875000000001 0.26681603773584905
0 0.45109374999999996 0.6808962264150943 0.192046875 0.30561320754716986
0 0.470203125 0.21721698113207547 0.08204687499999999 0.2322877358490566
0 0.689 0.49903301886792456 0.160765625 0.4067688679245283
0 0.668828125 0.0004716981132075472 0.062234374999999995 0.2442924528301887
0 0.7772187500000001 0.15419811320754717 0.173375 0.41308962264150945
0 0.08996875 0.6839622641509434 0.22082812500000001 0.3012264150943396
0 0.226484375 0.42405660377358495 0.14454687500000002 0.37820754716981136
0 0.32725 0.02900943396226415 0.074078125 0.22191037735849056
0 0.163640625 0.0013679245283018868 0.130609375 0.5075707547169811
0 0.064546875 0.0 0.163578125 0.47318396226415094
0 0.5170312499999999 0.046533018867924526 0.10690625000000001 0.2288443396226415
0 0.0015625 0.0023584905660377358 0.996875 0.8773584905660378
