0 0.40128125 0.7126458333333333 0.031296875 0.09316666666666666
0 0.232125 0.7283333333333334 0.04415625 0.1139375
0 0.431234375 0.7158125 0.041109375 0.10358333333333333
0 0.8041406249999999 0.7432708333333333 0.029578125 0.054000000000000006
0 0.20037500000000003 0.7361249999999999 0.038375 0.05395833333333333
0 0.78425 0.7619583333333334 0.026125 0.06741666666666667
0 0.41089062500000006 0.7688124999999999 0.02578125 0.04925
0 0.58603125 0.7610208333333334 0.02859375 0.08127083333333333
0 0.622953125 0.7388125 0.03328125 0.05983333333333333
0 0.9702968750000001 0.745625 0.02603125 0.06610416666666667
0 0.5554375 0.7576875 0.033687499999999995 0.07670833333333334
0 0.531359375 0.7735208333333333 0.029984375 0.0729375
0 0.605515625 0.7312916666666667 0.02215625 0.07110416666666668
