0 0.8575625 0.4553125 0.007531250000000001 0.01922916666666667
0 0.754734375 0.49454166666666666 0.009031250000000001 0.021875
0 0.8130312500000001 0.47770833333333335 0.005093749999999999 0.0134375
0 0.503015625 0.48833333333333334 0.01075 0.037083333333333336
0 0.47428125000000004 0.58775 0.03403125 0.07220833333333333
0 0.2974375 0.5302291666666666 0.013640625 0.051250000000000004
0 0.7 0.4811875 0.012890625 0.023375
0 0.809578125 0.5077083333333333 0.0055625 0.03327083333333333
0 0.9877343749999999 0.5890416666666667 0.011953125 0.03983333333333334
0 0.7946093750000001 0.4975833333333333 0.006828125 0.017520833333333333
0 0.8026562500000001 0.49916666666666665 0.007000000000000001 0.021374999999999998
0 0.73228125 0.4955833333333333 0.002265625 0.006145833333333334
0 0.792546875 0.4984375 0.010781250000000001 0.030625
0 0.5515625 0.47708333333333336 0.28125 0.08125
