0 0.578328125 0.3224065420560748 0.0363125 0.04504672897196262
0 0.30740625 0.2988551401869159 0.032046875 0.06490654205607477
0 0.232953125 0.25855140186915887 0.028109375 0.06985981308411214
0 0.231890625 0.15661214953271027 0.027625 0.041285046728971965
0 0.3794375 0.14731308411214952 0.161609375 0.4928271028037383
0 0.23742187499999998 0.1875 0.01953125 0.038925233644859815
0 0.7949843750000001 0.305607476635514 0.055609375 0.13934579439252337
0 0.6241875 0.30240654205607476 0.028484375 0.06053738317757009
0 0.565578125 0.3071028037383178 0.018828125 0.06128504672897196
0 0.524421875 0.29626168224299065 0.042453125 0.06929906542056075
0 0.7193125 0.28455607476635514 0.037125000000000005 0.0785747663551402
0 0.7149062500000001 0.25542056074766356 0.02590625 0.05873831775700935
0 0.750375 0.2570560747663551 0.029218749999999998 0.048761682242990656
0 0.0015625 0.0 0.996875 0.9462616822429907
