0 0.42325 0.1343125 0.252265625 0.38375
0 0.32046874999999997 0.103125 0.177859375 0.26175
0 0.5822812500000001 0.12827083333333333 0.1130625 0.31935416666666666
0 0.832078125 0.15360416666666668 0.057390624999999994 0.12020833333333333
0 0.084265625 0.0022500000000000003 0.33203125 0.6247083333333333
0 0.9233437500000001 0.13604166666666667 0.0631875 0.10566666666666666
0 0.9577031249999999 0.08316666666666667 0.042296875 0.15166666666666667
0 0.76190625 0.3514791666666667 0.23809375 0.3197291666666667
0 0.7601093750000001 0.12929166666666667 0.090046875 0.10914583333333333
0 0.27978125 0.15506250000000002 0.12134375 0.1438125
0 0.90446875 0.16825 0.08825 0.11966666666666666
0 0.8641249999999999 0.12908333333333333 0.027718749999999997 0.0336875
0 0.7404843750000001 0.10295833333333333 0.06442187499999999 0.12008333333333333
0 0.3546875 0.12916666666666668 0.0453125 0.10833333333333334
