0 0.00664 0.05722666666666667 0.42968 0.88192
0 0.4618 0.21797333333333332 0.26627999999999996 0.5640533333333334
0 0.4736 0.0472 0.16348 0.36402666666666667
0 0.64598 0.1792 0.062079999999999996 0.17672
0 0.80198 0.15288 0.06306 0.18304
0 0.81404 0.08989333333333334 0.18034 0.33258666666666664
0 0.7923600000000001 0.24058666666666667 0.20764 0.3811733333333333
0 0.00152 0.22912000000000002 0.1026 0.48050666666666664
0 0.34146 0.26464 0.10024 0.20906666666666668
0 0.7034 0.26882666666666666 0.12686 0.18237333333333333
0 0.04622 0.18869333333333335 0.06552 0.10354666666666666
