0 0.205 0.4449438202247191 0.15375 0.5438202247191011
0 0.48378125 0.5242134831460674 0.186234375 0.34230337078651685
0 0.7539687500000001 0.5019662921348315 0.186953125 0.4705337078651685
0 0.913296875 0.35359550561797753 0.085203125 0.6351404494382022
0 0.08931249999999999 0.42985955056179775 0.11978124999999999 0.36865168539325843
0 0.699015625 0.7519662921348315 0.179546875 0.24803370786516854
0 0.12957812500000002 0.0452808988764045 0.108625 0.3011797752808989
0 0.36234375 0.06606741573033707 0.11851562499999999 0.20331460674157303
0 0.250046875 0.20525280898876402 0.22756249999999997 0.22643258426966292
0 0.182484375 0.17674157303370788 0.07003125 0.22115168539325844
0 0.3928125 0.6716011235955056 0.1593125 0.3160393258426966
0 0.0014375 0.3948033707865169 0.12715625 0.5220786516853932
0 0.035312500000000004 0.34825842696629217 0.117359375 0.2697191011235955
0 0.0015625 0.0 0.9 0.9971910112359551
