0 0.6368925233644859 0.8809531249999999 0.027686915887850466 0.058203125
0 0.43151869158878503 0.88340625 0.006191588785046729 0.010703124999999999
0 0.5497663551401869 0.87678125 0.021822429906542054 0.0235
0 0.23072429906542055 0.8691875 0.04154205607476636 0.0821875
0 0.27249999999999996 0.870140625 0.015233644859813083 0.014953125000000001
0 0.28901869158878507 0.866234375 0.014672897196261683 0.01840625
0 0.3425 0.8669687500000001 0.012733644859813084 0.021296875
0 0.36672897196261683 0.865546875 0.0152803738317757 0.028484375
0 0.40102803738317755 0.871515625 0.013294392523364488 0.021296875
0 0.44964953271028035 0.868171875 0.013574766355140187 0.032421875
0 0.5164485981308411 0.8795624999999999 0.02161214953271028 0.02103125
0 0.1572897196261682 0.8588749999999999 0.0527803738317757 0.08084375
0 0.7333644859813084 0.8820781249999999 0.012313084112149531 0.027421875000000002
0 0.0 0.83125 0.9976635514018691 0.109375
