0 0.58262 0.35629333333333335 0.28492 0.6437066666666666
0 0.7223999999999999 0.4294133333333333 0.26502 0.5705866666666667
0 0.00674 0.33258666666666664 0.28652 0.65168
0 0.39812000000000003 0.5644266666666666 0.06818 0.43474666666666667
0 0.51564 0.5954666666666667 0.06258 0.10866666666666666
0 0.26877999999999996 0.6572533333333334 0.032600000000000004 0.12458666666666667
0 0.4794 0.6552266666666667 0.03686 0.11
0 0.20606 0.6608266666666667 0.039420000000000004 0.12322666666666666
0 0.15862 0.6057066666666666 0.06709999999999999 0.32365333333333335
0 0.45952 0.65456 0.024059999999999998 0.13648
