0 0.30601999999999996 0.2835542168674699 0.0958 0.26135542168674697
0 0.92662 0.7977409638554217 0.07162 0.19102409638554219
0 0.5798 0.1883132530120482 0.10516 0.3699096385542169
0 0.32230000000000003 0.38876506024096386 0.17756 0.37753012048192774
0 0.26066 0.418644578313253 0.0686 0.11993975903614458
0 0.82982 0.33566265060240963 0.06754 0.10210843373493976
0 0.90442 0.35984939759036144 0.09473999999999999 0.3767469879518072
0 0.37606 0.28268072289156626 0.05824 0.17731927710843373
0 0.21974000000000002 0.27397590361445784 0.07964 0.15234939759036145
0 0.15908 0.2821686746987952 0.07726000000000001 0.2860542168674699
0 0.07758 0.2604819277108434 0.06584000000000001 0.16484939759036144
0 0.4909 0.32349397590361445 0.06792000000000001 0.14894578313253012
