0 0.37259375 0.10838028169014084 0.27615625 0.5257276995305165
0 0.395171875 0.4034976525821596 0.031546875 0.11964788732394366
0 0.31062500000000004 0.41938967136150235 0.039640625 0.10657276995305164
0 0.76290625 0.3618075117370892 0.025171875 0.09269953051643193
0 0.23159375 0.418075117370892 0.019421874999999998 0.05427230046948357
0 0.252484375 0.42208920187793425 0.028375 0.05603286384976526
0 0.78390625 0.36838028169014086 0.020515625000000003 0.10448356807511737
0 0.81875 0.379131455399061 0.02853125 0.11518779342723005
0 0.8775625 0.4136619718309859 0.0185 0.033802816901408454
0 0.853078125 0.4139671361502347 0.0220625 0.05805164319248826
0 0.623125 0.426056338028169 0.024765625 0.06997652582159625
0 0.20651562499999998 0.39056338028169013 0.0164375 0.09147887323943661
0 0.7102031249999999 0.42706572769953055 0.028953125000000003 0.07110328638497652
0 0.021875 0.3427230046948357 0.9453125 0.18779342723004694
