0 0.307359375 0.33932084309133487 0.18440625 0.6471896955503513
0 0.72715625 0.3730444964871194 0.1484375 0.6134660421545667
0 0.69853125 0.38627634660421545 0.059703125 0.2684543325526932
0 0.87859375 0.13894613583138174 0.12140625000000001 0.8494379391100703
0 0.1169375 0.4172833723653396 0.10345312499999999 0.465175644028103
0 0.20579687500000002 0.4336299765807963 0.073640625 0.3749414519906323
0 0.048421874999999996 0.4714051522248243 0.075828125 0.39700234192037476
0 0.0015 0.44718969555035126 0.07646875 0.4786416861826698
0 0.276921875 0.4531147540983606 0.053015625 0.2864168618266979
0 0.744609375 0.4576814988290398 0.018453125 0.03236533957845433
0 0.7482968750000001 0.4466978922716628 0.033203125 0.06906323185011709
0 0.5139218750000001 0.36824355971896955 0.14725 0.2635128805620609
0 0.6113906250000001 0.4167213114754098 0.046406249999999996 0.10297423887587821
