0 0.0026562499999999998 0.7842154566744731 0.042312499999999996 0.1719672131147541
0 0.192125 0.7972131147540984 0.035546875 0.148711943793911
0 0.03403125 0.7718735362997657 0.02634375 0.1731615925058548
0 0.843125 0.8098360655737705 0.008953125000000001 0.034637002341920374
0 0.8835468750000001 0.8083138173302107 0.011109375000000001 0.03138173302107728
0 0.8931093750000001 0.8184777517564403 0.00971875 0.017611241217798595
0 0.925453125 0.7998360655737704 0.00965625 0.04023419203747072
0 0.703390625 0.8052224824355971 0.012796875 0.017213114754098358
0 0.673734375 0.8183372365339578 0.00840625 0.02819672131147541
0 0.8753125 0.7990866510538641 0.008359374999999999 0.029765807962529277
0 0.72415625 0.8116861826697892 0.007109374999999999 0.03372365339578454
0 0.63590625 0.813512880562061 0.009859375 0.036252927400468385
0 0.944671875 0.8201170960187354 0.007593750000000001 0.013957845433255268
0 0.0 0.3091334894613583 0.9984375 0.5597189695550351
