0 0.049765625 0.17906542056074767 0.577109375 0.8209345794392524
0 0.032375 0.11820093457943925 0.158671875 0.5686915887850468
0 0.45601562500000004 0.029509345794392527 0.1755 0.7872663551401868
0 0.573796875 0.24981308411214953 0.10670312500000001 0.46516355140186916
0 0.01159375 0.22119158878504674 0.14015625 0.6026869158878504
0 0.131015625 0.16542056074766354 0.13389062499999999 0.37792056074766356
0 0.29104687500000004 0.1544626168224299 0.08742187500000001 0.1511915887850467
0 0.2586875 0.15992990654205608 0.061406249999999996 0.1691822429906542
0 0.0 0.18427570093457946 0.093171875 0.8044859813084112
0 0.522921875 0.21212616822429908 0.062734375 0.2830841121495327
