0 0.56692 0.4603012048192771 0.29148 0.4182530120481928
0 0.15966 0.20674698795180724 0.29694 0.7370783132530121
0 0.47482 0.0 0.11712 0.2524096385542169
0 0.78784 0.28539156626506024 0.21216 0.6224698795180723
0 0.7298600000000001 0.0 0.13584000000000002 0.28111445783132527
0 0.85794 0.001174698795180723 0.1212 0.3142168674698795
0 0.53554 0.0 0.07904000000000001 0.13903614457831323
0 0.6088 0.002259036144578313 0.13428 0.26515060240963856
0 0.42375999999999997 0.0 0.09101999999999999 0.24045180722891565
0 0.21642 0.014819277108433735 0.06886 0.2024698795180723
