0 0.5917656250000001 0.6895208333333334 0.07303125 0.2720208333333333
0 0.511828125 0.6956458333333334 0.044390625 0.23372916666666665
0 0.39387500000000003 0.6820625 0.047609374999999995 0.21712499999999998
0 0.237734375 0.6761874999999999 0.057999999999999996 0.109875
0 0.29690625000000004 0.6621041666666667 0.02409375 0.16833333333333333
0 0.36490625 0.6664375 0.025109375 0.05679166666666667
0 0.408515625 0.6558333333333334 0.024171875000000002 0.057875
0 0.167015625 0.67175 0.04453125 0.1970625
0 0.686828125 0.7143958333333333 0.0683125 0.25837499999999997
0 0.07421875 0.6739166666666667 0.064703125 0.1115
0 0.199515625 0.6556041666666667 0.031359375 0.07627083333333333
0 0.210875 0.6653958333333333 0.046109375 0.19852083333333334
0 0.275296875 0.6791250000000001 0.035296875 0.1835
0 0.0 0.5604166666666667 0.9984375 0.39166666666666666
