0 0.678390625 0.5486885245901639 0.058359375000000005 0.12007025761124122
0 0.1268125 0.7003512880562062 0.05703125 0.10206088992974238
0 0.06867187500000001 0.7105386416861826 0.04325 0.09372365339578455
0 0.051078124999999995 0.7281967213114754 0.034265625 0.06721311475409836
0 0.7075625 0.3968618266978923 0.058578125 0.22988290398126462
0 0.668171875 0.4329742388758782 0.04790625 0.15388758782201403
0 0.08715625 0.192576112412178 0.40721875 0.6373770491803279
0 0.5367656249999999 0.3958782201405152 0.095953125 0.3988056206088993
0 0.18584375 0.6253161592505855 0.03796875 0.16299765807962527
0 0.121046875 0.7083138173302107 0.02840625 0.08655737704918033
0 0.8088749999999999 0.4996018735362998 0.06296874999999999 0.09969555035128806
