0 0.03746875 0.47540540540540543 0.053828125000000004 0.24743243243243243
0 0.081375 0.5034594594594595 0.023265625 0.1311081081081081
0 0.106625 0.5103783783783784 0.048296875 0.18245945945945946
0 0.2070625 0.5505135135135135 0.039953125 0.0965945945945946
0 0.22345312499999997 0.5455135135135135 0.04509375 0.10216216216216216
0 0.23946874999999998 0.5385945945945946 0.032375 0.10270270270270271
0 0.255328125 0.5338378378378379 0.03740625 0.10713513513513513
0 0.815828125 0.5030270270270271 0.05059375000000001 0.23791891891891892
0 0.435578125 0.483945945945946 0.0165 0.022837837837837837
0 0.187 0.5439459459459459 0.03771875 0.11229729729729729
0 0.74046875 0.516945945945946 0.007171874999999999 0.038513513513513516
0 0.9032500000000001 0.5444324324324324 0.03678125 0.12129729729729731
