0 0.24925000000000003 0.38909407665505225 0.1526875 0.17602787456445995
0 0.008046875 0.398205574912892 0.1488125 0.16817073170731708
0 0.69203125 0.4244773519163763 0.08865625 0.13393728222996515
0 0.80015625 0.4131533101045296 0.11753125 0.1448780487804878
0 0.343078125 0.294198606271777 0.13999999999999999 0.21174216027874565
0 0.457703125 0.27421602787456445 0.11315625 0.23550522648083624
0 0.689640625 0.2524738675958188 0.11909375 0.2512369337979094
0 0.60884375 0.2691114982578397 0.090453125 0.14388501742160278
0 0.60584375 0.4184668989547038 0.186125 0.21001742160278744
0 0.41235937500000003 0.4087630662020906 0.10046875 0.17378048780487804
0 0.9195781249999999 0.4177351916376307 0.080421875 0.10411149825783972
