0 0.3871171171171171 0.376 0.20546546546546546 0.46978
0 0.681981981981982 0.19334 0.058858858858858866 0.06056
0 0.07594594594594595 0.2099 0.058318318318318324 0.03384
0 0.0015615615615615615 0.26127999999999996 0.07717717717717718 0.07132
0 0.13366366366366367 0.38912 0.08012012012012013 0.04362
0 0.3648348348348348 0.32748 0.03963963963963964 0.032799999999999996
0 0.7391291291291291 0.3688 0.07888888888888888 0.06236
0 0.8241441441441442 0.36610000000000004 0.0672972972972973 0.06012
0 0.8347747747747748 0.89664 0.16522522522522523 0.10336
0 0.6853753753753753 0.32946 0.07558558558558559 0.04582
0 0.37117117117117115 0.08602 0.04852852852852853 0.054700000000000006
0 0.5658558558558558 0.36388 0.07837837837837838 0.06936
0 0.20075075075075074 0.44439999999999996 0.10753753753753754 0.10815999999999999
0 0.0 0.0 0.996996996996997 0.998
