0 0.39465625000000004 0.6 0.122359375 0.3887544483985765
0 0.5276562499999999 0.6681494661921709 0.04825 0.16594306049822066
0 0.6801875 0.5402491103202847 0.020265625000000002 0.15202846975088968
0 0.1909375 0.5404270462633453 0.004625 0.029181494661921707
0 0.8312968749999999 0.5168683274021353 0.0134375 0.08814946619217082
0 0.85275 0.6031316725978647 0.052109375 0.2974021352313167
0 0.360171875 0.5627402135231316 0.021453125 0.13725978647686832
0 0.3113125 0.5493238434163702 0.039921875 0.2380071174377224
0 0.576875 0.7026690391459074 0.057796875000000004 0.179644128113879
0 0.9678125 0.6268683274021353 0.0321875 0.10822064056939502
0 0.8031406249999999 0.561814946619217 0.01875 0.14604982206405695
0 0.99003125 0.7480427046263345 0.00996875 0.25195729537366546
0 0.54221875 0.5704270462633452 0.02134375 0.09861209964412812
0 0.1328125 0.47330960854092524 0.7828125 0.23843416370106763
