0 0.881796875 0.5093004115226337 0.034937499999999996 0.21674897119341566
0 0.842765625 0.5070370370370371 0.009296875 0.08004115226337448
0 0.8785624999999999 0.48691358024691356 0.0121875 0.0811522633744856
0 0.914828125 0.510082304526749 0.008 0.06374485596707818
0 0.9168593749999999 0.48674897119341565 0.018125 0.09666666666666666
0 0.8687968749999999 0.5098765432098765 0.012625 0.06448559670781893
0 0.88784375 0.5131275720164609 0.0088125 0.03440329218106996
0 0.959984375 0.5161316872427983 0.02303125 0.1916460905349794
0 0.9828749999999999 0.5069135802469136 0.017125 0.21880658436213993
0 0.908984375 0.5024279835390947 0.009453125 0.062469135802469135
0 0.764640625 0.4811522633744856 0.0079375 0.025390946502057612
0 0.8226718749999999 0.5143621399176954 0.013828125 0.07481481481481482
0 0.851734375 0.5141563786008231 0.012453124999999999 0.05786008230452675
0 0.784375 0.4897119341563786 0.1671875 0.2839506172839506
