0 0.000265625 0.5315208333333333 0.102703125 0.3247291666666667
0 0.912296875 0.5766041666666666 0.087703125 0.26158333333333333
0 0.37078125 0.5797708333333333 0.0573125 0.17304166666666668
0 0.471171875 0.5364791666666666 0.09353125 0.44704166666666667
0 0.19339062499999998 0.5827291666666666 0.044515624999999996 0.20650000000000002
0 0.5819687499999999 0.5598541666666667 0.060921875 0.16497916666666665
0 0.65928125 0.5482291666666667 0.057265625 0.2651458333333333
0 0.5503750000000001 0.572875 0.0356875 0.17864583333333334
0 0.44529687500000004 0.5282916666666667 0.0729375 0.3815625
0 0.35871875000000003 0.5697083333333333 0.0299375 0.16864583333333333
0 0.28121874999999996 0.5502083333333334 0.0701875 0.182
0 0.0 0.5129791666666667 0.03959375 0.2861458333333333
0 0.11164062500000001 0.46852083333333333 0.105390625 0.43012500000000004
0 0.234375 0.5479166666666667 0.1453125 0.20208333333333334
