0 0.138296875 0.49663755458515285 0.20745312500000002 0.3775109170305677
0 0.072625 0.632882096069869 0.130265625 0.2523362445414847
0 0.01859375 0.4794759825327511 0.050937500000000004 0.11434497816593886
0 0.065546875 0.4744759825327511 0.014453125 0.03596069868995633
0 0.590453125 0.7540174672489083 0.010734375 0.028427947598253275
0 0.37693750000000004 0.6487772925764191 0.016109375000000002 0.028034934497816594
0 0.059484375 0.47019650655021833 0.0108125 0.02965065502183406
0 0.325859375 0.6216812227074237 0.006578125 0.019344978165938862
0 0.332703125 0.6237117903930132 0.0095 0.022882096069868997
0 0.33965625 0.6332096069868995 0.0090625 0.01781659388646288
