0 0.185265625 0.5792066805845512 0.038421875 0.1535490605427975
0 0.224765625 0.5602296450939458 0.05125 0.17121085594989563
0 0.28865625 0.6035281837160751 0.014859375 0.06267223382045929
0 0.9297812499999999 0.5804384133611691 0.034609375 0.1198956158663883
0 0.743171875 0.5568058455114823 0.021203125 0.07340292275574112
0 0.7100625 0.5502087682672234 0.012796875 0.05883089770354906
0 0.8783593749999999 0.5704801670146138 0.0386875 0.09430062630480167
0 0.1674375 0.6178079331941545 0.02315625 0.07444676409185803
0 0.831015625 0.5784342379958246 0.04440625 0.08296450939457203
0 0.698265625 0.56321503131524 0.006750000000000001 0.033194154488517744
