1 0.944352 0.602195 0.081578 0.168099
1 0.725961 0.534061 0.129484 0.140329
1 0.018313 0.246573 0.034781 0.072535
1 0.204992 0.54081 0.024484 0.119366
0 0.717109 0.74507 0.338781 0.509859
0 0.494906 0.376514 0.120281 0.245563
0 0.837641 0.492136 0.206406 0.4
0 0.24307 0.632594 0.127141 0.3573
0 0.268352 0.463967 0.128922 0.322066
0 0.574398 0.245352 0.090859 0.31615
0 0.372453 0.699308 0.296156 0.559554
1 0.049156 0.692054 0.084906 0.348803
1 0.031891 0.396714 0.049062 0.163146
1 0.209711 0.874026 0.224766 0.251948
0 0.589359 0.423181 0.169875 0.335939
