0 0.11554687500000001 0.051229166666666666 0.32356250000000003 0.9487708333333333
0 0.490453125 0.16179166666666667 0.20224999999999999 0.8247291666666666
0 0.6134999999999999 0.19304166666666667 0.17290624999999998 0.7257708333333334
0 0.616859375 0.0045000000000000005 0.38089062500000004 0.9752708333333333
0 0.794015625 0.24241666666666667 0.073359375 0.2540625
0 0.748515625 0.258125 0.01259375 0.05616666666666667
0 0.7665625 0.24914583333333334 0.024828125 0.09245833333333334
0 0.37040625 0.1846875 0.20032812500000002 0.7179375
0 0.7951875 0.25283333333333335 0.02559375 0.08027083333333333
0 0.07090625 0.2512083333333333 0.0823125 0.30495833333333333
0 0.79078125 0.2576041666666667 0.0129375 0.04629166666666666
0 0.758515625 0.26010416666666664 0.010046875 0.05325
