61 0.3235 0.86356 0.236813 0.272881
61 0.673055 0.834965 0.256484 0.304028
61 0.886984 0.815925 0.218469 0.361171
61 0.964531 0.568583 0.062437 0.148407
61 0.567187 0.460152 0.029844 0.051452
0 0.457281 0.438197 0.134937 0.224731
0 0.293586 0.462237 0.159828 0.307845
0 0.683312 0.68534 0.295063 0.627307
0 0.624906 0.435164 0.142844 0.212342
0 0.214398 0.619098 0.230891 0.559555
61 0.400953 0.473372 0.023938 0.063794
61 0.085453 0.760667 0.062969 0.456183
0 0.893492 0.476124 0.089828 0.246862
0 0.863094 0.62137 0.151844 0.420539
