0 0.374953125 0.34271662763466043 0.064609375 0.11962529274004684
0 0.341796875 0.29552693208430914 0.18509375 0.5346604215456675
0 0.0450625 0.33276346604215457 0.048843750000000005 0.25573770491803277
0 0.43174999999999997 0.28976580796252926 0.181875 0.460327868852459
0 0.31615625 0.40768149882903987 0.0226875 0.0924824355971897
0 0.6083125 0.39072599531615926 0.06414062499999999 0.0948711943793911
0 0.8893437499999999 0.385807962529274 0.076765625 0.1566042154566745
0 0.162328125 0.4646370023419204 0.024140625 0.04833723653395785
0 0.27917187499999996 0.41976580796252927 0.0236875 0.08196721311475409
0 0.093609375 0.36274004683840744 0.09321874999999999 0.22784543325526935
0 0.79465625 0.3298360655737705 0.0721875 0.12276346604215457
