0 0.19788 0.7202114803625377 0.045880000000000004 0.15574018126888217
0 0.64574 0.6627190332326285 0.018879999999999997 0.07924471299093656
0 0.27736 0.6960422960725076 0.03144 0.16093655589123868
0 0.81898 0.712749244712991 0.04906 0.17459214501510573
0 0.12179999999999999 0.705619335347432 0.049479999999999996 0.19154078549848944
0 0.5962999999999999 0.7009667673716012 0.056280000000000004 0.18435045317220544
0 0.0887 0.7077945619335347 0.04204 0.16181268882175226
0 0.35804 0.69404833836858 0.036 0.14734138972809668
0 0.72674 0.7006646525679758 0.03258 0.16740181268882173
0 0.58258 0.6809063444108762 0.031760000000000004 0.08918429003021149
0 0.5953999999999999 0.6980664652567976 0.0202 0.16628398791540785
0 0.8532000000000001 0.7172205438066466 0.05282 0.16042296072507553
0 0.6985399999999999 0.6934441087613293 0.03742 0.18148036253776434
0 0.326 0.6797583081570997 0.62 0.22356495468277945
