0 0.04613247863247863 0.3663125 0.1347863247863248 0.226421875
0 0.08493589743589744 0.41312499999999996 0.1752991452991453 0.3106875
0 0.5314316239316239 0.672953125 0.043333333333333335 0.09671874999999999
0 0.49027777777777776 0.688578125 0.04143162393162393 0.080171875
0 0.4756410256410256 0.687875 0.02341880341880342 0.077734375
0 0.7020512820512821 0.69221875 0.033504273504273506 0.091625
0 0.4947649572649573 0.316859375 0.27042735042735044 0.17528125
0 0.6696153846153846 0.6757187499999999 0.03542735042735042 0.0610625
0 0.003547008547008547 0.2705 0.12305555555555556 0.358
0 0.4387179487179487 0.6753125 0.04010683760683761 0.093828125
0 0.0833974358974359 0.41118750000000004 0.1057051282051282 0.090796875
0 0.0007905982905982905 0.236375 0.04547008547008547 0.049640625
0 0.05869658119658119 0.271046875 0.16339743589743588 0.14496875
0 0.002136752136752137 0.4859375 0.688034188034188 0.5125
