0 0.408984375 0.37752886836027716 0.06840625 0.21122401847575056
0 0.29753124999999997 0.023625866050808315 0.069203125 0.1764203233256351
0 0.3876875 0.02023094688221709 0.196125 0.20674364896073902
0 0.622953125 0.02443418013856813 0.07503125000000001 0.1051270207852194
0 0.703921875 0.7101154734411086 0.0699375 0.06965357967667436
0 0.8285937499999999 0.022471131639722863 0.155078125 0.26066974595842957
0 0.0516875 0.38427251732101614 0.12771875 0.19775981524249422
0 0.79325 0.3830484988452656 0.076171875 0.208175519630485
0 0.27975 0.6876443418013857 0.080578125 0.17302540415704387
0 0.047031250000000004 0.6839260969976905 0.073671875 0.13475750577367207
0 0.6598437500000001 0.3820323325635104 0.079046875 0.2674133949191686
0 0.43815625 0.6850346420323326 0.169609375 0.21304849884526558
0 0.859796875 0.6809930715935335 0.11981250000000002 0.1666743648960739
0 0.753125 0.3741339491916859 0.0484375 0.21478060046189376
