0 0.810109375 0.5983958333333333 0.0848125 0.27416666666666667
0 0.8683125 0.6084583333333333 0.065078125 0.2076875
0 0.75325 0.605375 0.03096875 0.10777083333333333
0 0.774578125 0.602375 0.016234375000000002 0.03208333333333333
0 0.5795 0.6106666666666667 0.068 0.12647916666666667
0 0.575484375 0.6058541666666667 0.020734375 0.09152083333333333
0 0.522 0.6122291666666667 0.018171875 0.09254166666666667
0 0.000234375 0.5799166666666667 0.040171875 0.30404166666666665
0 0.6663281249999999 0.6086875 0.12615625 0.337625
0 0.9797812499999999 0.5907291666666666 0.02021875 0.18025
0 0.6641250000000001 0.6158958333333333 0.026296874999999997 0.1283125
0 0.28315625 0.4436875 0.007015625 0.04547916666666666
0 0.79059375 0.6163958333333334 0.034015625 0.16774999999999998
0 0.625 0.60625 0.3265625 0.38125
