0 0.10003124999999999 0.3078638497652582 0.02215625 0.08652582159624413
0 0.5152187500000001 0.3241549295774648 0.058546875 0.07913145539906104
0 0.337375 0.14931924882629108 0.08735937499999999 0.09873239436619718
0 0.313875 0.5153755868544602 0.016968749999999998 0.06002347417840376
0 0.06203125 0.33140845070422537 0.031953125 0.05776995305164319
0 0.432625 0.6150234741784038 0.012453124999999999 0.051619718309859154
0 0.49437499999999995 0.6618779342723005 0.00703125 0.04725352112676056
0 0.47850000000000004 0.641830985915493 0.010390625 0.06030516431924883
0 0.4569375 0.6387793427230047 0.015453125000000002 0.050258215962441316
0 0.44578125 0.6187089201877934 0.0163125 0.06413145539906104
0 0.29562499999999997 0.4953286384976526 0.010359375 0.0557981220657277
0 0.144046875 0.3444835680751174 0.02521875 0.08091549295774647
0 0.266953125 0.48194835680751175 0.013421875 0.045774647887323945
