0 0.51475 0.39979166666666666 0.041578125 0.14816666666666667
0 0.6372656250000001 0.392125 0.032609375 0.09047916666666667
0 0.6689375 0.3958125 0.032328125 0.11904166666666667
0 0.711859375 0.391125 0.03975 0.08614583333333334
0 0.8494375 0.39775 0.043828125 0.11910416666666666
0 0.8192656250000001 0.3930416666666667 0.030015625 0.1090625
0 0.66965625 0.4656458333333333 0.10521875 0.10520833333333333
0 0.3518125 0.4160625 0.041859375 0.12647916666666667
0 0.39115625 0.4112708333333333 0.0238125 0.043333333333333335
0 0.25796874999999997 0.49252083333333335 0.030578125 0.07435416666666667
0 0.454890625 0.40670833333333334 0.037328125000000004 0.11716666666666667
0 0.5965 0.40775 0.019953125 0.0755625
0 0.7677031249999999 0.4097708333333333 0.03240625 0.11214583333333333
0 0.1765625 0.10208333333333333 0.821875 0.7083333333333334
