0 0.92904 0.4683333333333334 0.06124 0.15985119047619048
0 0.67872 0.5639583333333333 0.08846 0.3835119047619048
0 0.41022000000000003 0.6894940476190475 0.05224 0.11595238095238096
0 0.32472 0.24895833333333334 0.14676 0.7361607142857143
0 0.01302 0.43809523809523804 0.20282 0.5472023809523809
0 0.5552 0.5837202380952381 0.05664 0.27172619047619045
0 0.7865800000000001 0.5217261904761905 0.05288 0.0786904761904762
0 0.6552 0.5961904761904762 0.04076 0.08285714285714285
0 0.7636000000000001 0.5619642857142857 0.03148 0.07875
0 0.76414 0.40976190476190477 0.07786 0.17008928571428572
0 0.76334 0.5999107142857143 0.08108 0.38372023809523814
0 0.8155 0.8751488095238096 0.1845 0.11312499999999999
0 0.85376 0.5646130952380952 0.02974 0.06398809523809523
0 0.1 0.43452380952380953 0.898 0.49107142857142855
