0 0.534 0.1291334894613583 0.337578125 0.8167213114754098
0 0.7640156250000001 0.450327868852459 0.16203125000000002 0.27559718969555036
0 0.902578125 0.4850117096018735 0.05696875 0.24718969555035128
0 0.17028125 0.2997423887587822 0.11921875 0.40229508196721314
0 0.07909374999999999 0.2791569086651054 0.10748437500000001 0.42906323185011713
0 0.37126562500000004 0.09587822014051521 0.08815625 0.10274004683840748
0 0.501765625 0.0021311475409836068 0.10834375 0.1985480093676815
0 0.658 0.06566744730679157 0.080921875 0.1386182669789227
0 0.783984375 0.4827400468384075 0.059765625 0.15540983606557376
0 0.70503125 0.46906323185011706 0.081671875 0.2511241217798595
0 0.43803125 0.0018266978922716628 0.08621875 0.15182669789227166
0 0.43843750000000004 0.23896955503512882 0.12823437499999998 0.4675175644028103
