0 0.49264062500000005 0.3330444964871195 0.317296875 0.5475409836065575
0 0.33599999999999997 0.41318501170960187 0.11864062500000001 0.3358782201405152
0 0.327546875 0.25967213114754095 0.08934375 0.2509367681498829
0 0.695734375 0.29843091334894617 0.10218750000000001 0.4549414519906323
0 0.50278125 0.2851288056206089 0.09575 0.19037470725995317
0 0.84946875 0.4160655737704918 0.102671875 0.3220374707259953
0 0.095140625 0.49414519906323184 0.272796875 0.382927400468384
0 0.00028125 0.3222716627634661 0.1799375 0.5518735362997659
0 0.41381249999999997 0.2516861826697892 0.098953125 0.48088992974238876
0 0.9125937499999999 0.26182669789227164 0.08740624999999999 0.47892271662763464
0 0.5866718750000001 0.27817330210772834 0.045890625000000004 0.11416861826697892
0 0.47462499999999996 0.4142388758782201 0.108359375 0.32920374707259953
0 0.6865625 0.3025058548009367 0.042796875 0.29091334894613585
0 0.0890625 0.25995316159250587 0.6015625 0.48711943793911006
