0 0.8277812499999999 0.37495850622406635 0.0704375 0.1634232365145228
0 0.32571875 0.37887966804979256 0.021953125 0.08535269709543569
0 0.352234375 0.39607883817427386 0.017734375 0.032821576763485474
0 0.9668281249999999 0.38491701244813276 0.012703125000000001 0.043568464730290454
0 0.403703125 0.39746887966804983 0.006500000000000001 0.022136929460580913
0 0.766546875 0.386804979253112 0.0084375 0.03275933609958506
0 0.3933125 0.3974273858921162 0.0054531250000000005 0.01788381742738589
0 0.78 0.38238589211618257 0.010578124999999999 0.030892116182572614
0 0.913359375 0.3796058091286307 0.010187499999999999 0.01946058091286307
0 0.921359375 0.3852282157676349 0.00834375 0.022136929460580913
0 0.9409531250000001 0.39232365145228215 0.01165625 0.03095435684647303
0 0.43853125000000004 0.3967427385892116 0.014671875000000001 0.016825726141078835
0 0.802734375 0.39215767634854776 0.00809375 0.027842323651452283
0 0.7640625 0.36099585062240663 0.234375 0.07676348547717843
