0 0.68521875 0.5856 0.026937499999999996 0.1332705882352941
0 0.6456875 0.5918588235294118 0.04246875 0.1403764705882353
0 0.56878125 0.5712941176470588 0.0420625 0.1432235294117647
0 0.548875 0.5489176470588235 0.028000000000000004 0.12825882352941176
0 0.525375 0.5470117647058823 0.021374999999999998 0.057811764705882354
0 0.510578125 0.5475529411764706 0.018421874999999997 0.04416470588235294
0 0.014890625 0.7524705882352941 0.148890625 0.2475294117647059
0 0.8835625 0.5912470588235295 0.042859375 0.1632705882352941
0 0.048703125 0.514164705882353 0.082265625 0.3852235294117647
0 0.12562500000000001 0.5669647058823529 0.086109375 0.34503529411764705
0 0.052796875 0.5346117647058823 0.022093750000000002 0.05555294117647059
0 0.0032500000000000003 0.5206352941176471 0.048421874999999996 0.26143529411764704
0 0.36721875000000004 0.5309882352941176 0.01909375 0.07750588235294117
0 0.0046875 0.4682352941176471 0.928125 0.5294117647058824
