0 0.466953125 0.2833644859813084 0.072953125 0.134696261682243
0 0.8235625000000001 0.44913551401869156 0.011609375 0.02009345794392523
0 0.5455625000000001 0.5413084112149533 0.005093749999999999 0.010654205607476635
0 0.537953125 0.5414953271028037 0.009734375 0.03212616822429906
0 0.49506249999999996 0.5534813084112149 0.006562500000000001 0.01600467289719626
0 0.148 0.7178037383177571 0.008796875 0.028714953271028035
0 0.384359375 0.5886448598130841 0.0085625 0.02275700934579439
0 0.40207812499999995 0.617803738317757 0.00571875 0.02044392523364486
0 0.15390625 0.783714953271028 0.012921875 0.02572429906542056
0 0.14068750000000002 0.7744859813084113 0.014374999999999999 0.030864485981308414
0 0.52553125 0.5468691588785046 0.012515624999999999 0.030303738317757012
