0 0.4561 0.20245551601423487 0.01992 0.1682562277580071
0 0.4597 0.2397508896797153 0.0682 0.15281138790035587
0 0.54414 0.2898932384341637 0.046619999999999995 0.12733096085409254
0 0.5251399999999999 0.22302491103202848 0.04018 0.17516014234875443
0 0.82756 0.27448398576512456 0.07764 0.10658362989323843
0 0.8044 0.308932384341637 0.051859999999999996 0.09099644128113879
0 0.73714 0.21476868327402135 0.04974 0.10879003558718861
0 0.67848 0.2886120996441281 0.05924 0.10444839857651246
0 0.6078 0.2828825622775801 0.06526 0.1097508896797153
0 0.7599400000000001 0.23683274021352313 0.06768 0.1600355871886121
0 0.84324 0.2812099644128114 0.02086 0.04523131672597865
0 0.7369199999999999 0.26633451957295373 0.045380000000000004 0.12715302491103203
0 0.5101600000000001 0.19914590747330962 0.06374 0.13836298932384342
0 0.124 0.19572953736654805 0.614 0.31316725978647686
