0 0.002828125 0.43964788732394366 0.108296875 0.4635211267605634
0 0.536484375 0.42877934272300466 0.099546875 0.32971830985915496
0 0.86975 0.4612676056338028 0.11865624999999999 0.40673708920187795
0 0.18871875 0.20075117370892018 0.072390625 0.2548356807511737
0 0.269921875 0.6485211267605633 0.13528125 0.3163145539906103
0 0.583359375 0.30974178403755864 0.083765625 0.3123474178403756
0 0.4466875 0.2115962441314554 0.082828125 0.3263145539906103
0 0.535984375 0.18321596244131455 0.086265625 0.24650234741784038
0 0.72109375 0.222981220657277 0.1034375 0.2387323943661972
0 0.3838125 0.09605633802816901 0.09037500000000001 0.21147887323943662
0 0.32309375 0.10112676056338028 0.055343750000000004 0.20673708920187792
0 0.41721874999999997 0.3196478873239436 0.085765625 0.3070657276995305
0 0.320703125 0.44699530516431923 0.0986875 0.32333333333333336
