0 0.0016562500000000002 0.04156908665105386 0.16059375 0.9379625292740047
0 0.251453125 0.22316159250585482 0.374765625 0.7768384074941451
0 0.327015625 0.0 0.11825000000000001 0.14768149882903983
0 0.512328125 0.02674473067915691 0.079 0.14021077283372366
0 0.776390625 0.0 0.1630625 0.17847775175644026
0 0.5950624999999999 0.0022482435597189696 0.202859375 0.17793911007025762
0 0.172453125 0.0 0.15909374999999998 0.9394379391100702
0 0.438171875 0.0 0.11109374999999999 0.15585480093676815
0 0.8830937499999999 0.0 0.11690624999999999 0.18651053864168618
0 0.386359375 0.0001873536299765808 0.04978125 0.10283372365339577
