0 0.90425 0.3234232365145228 0.05509375 0.09906639004149377
0 0.72546875 0.35060165975103735 0.048625 0.2641078838174274
0 0.21360937500000002 0.4129460580912863 0.11609375 0.31147302904564317
0 0.12315625 0.3970331950207469 0.07721875 0.2693568464730291
0 0.08271875 0.4201452282157676 0.043640625 0.1033402489626556
0 0.015203125000000001 0.3948755186721992 0.124953125 0.3071784232365145
0 0.0005468749999999999 0.44398340248962653 0.029734375 0.28147302904564314
0 0.77215625 0.37348547717842323 0.06023437499999999 0.22263485477178424
0 0.20249999999999999 0.46616182572614107 0.01828125 0.06514522821576763
0 0.670203125 0.3634232365145228 0.045 0.14502074688796682
0 0.5984375 0.35869294605809127 0.068109375 0.13985477178423236
0 0.6915312499999999 0.3705601659751038 0.02175 0.06375518672199171
0 0.9628125000000001 0.32973029045643154 0.0371875 0.16701244813278007
0 0.19375 0.36099585062240663 0.55 0.23443983402489627
