0 0.49601562499999996 0.2617792792792793 0.0915625 0.24804054054054053
0 0.5486875 0.24024774774774776 0.086171875 0.34112612612612614
0 0.481796875 0.2461936936936937 0.041296875 0.24659909909909908
0 0.599625 0.11689189189189189 0.049171875 0.1211936936936937
0 0.21531250000000002 0.2519369369369369 0.013015625 0.07896396396396396
0 0.49709375 0.15105855855855854 0.016046875 0.035202702702702704
0 0.469140625 0.15664414414414413 0.027953125000000002 0.03051801801801802
0 0.650875 0.10385135135135135 0.041953125 0.13252252252252253
0 0.58309375 0.12234234234234234 0.020109375 0.052364864864864864
0 0.5401875 0.13786036036036037 0.040015625 0.11193693693693695
0 0.240734375 0.25948198198198197 0.020828125 0.03936936936936937
0 0.0015625 0.09009009009009009 0.8078125 0.20495495495495494
