0 0.02078125 0.32334112149532707 0.23184375 0.4552336448598131
0 0.489171875 0.24154205607476634 0.131453125 0.31787383177570094
0 0.562453125 0.22177570093457943 0.15509375 0.40528037383177573
0 0.74884375 0.2166822429906542 0.109453125 0.24205607476635513
0 0.655953125 0.09065420560747663 0.020953125 0.04114485981308411
0 0.175828125 0.2044859813084112 0.144265625 0.447196261682243
0 0.694296875 0.3842757009345794 0.3035625 0.6044859813084112
0 0.15521875000000002 0.0 0.09081249999999999 0.2839485981308411
0 0.24557812499999998 0.0 0.05765625 0.16063084112149534
0 0.388625 0.07212616822429907 0.04409375 0.1410981308411215
0 0.026125 0.061191588785046734 0.066171875 0.2630373831775701
0 0.27360937500000004 0.0630607476635514 0.0645 0.2972429906542056
0 0.31096875 0.3083878504672897 0.2098125 0.5565186915887851
0 0.0015625 0.0 0.996875 0.5327102803738317
