0 0.510671875 0.28952083333333334 0.12303125 0.5325833333333333
0 0.22096875 0.35387500000000005 0.063453125 0.11970833333333333
0 0.0 0.298875 0.15337499999999998 0.6876458333333333
0 0.7178125 0.307125 0.09310937500000001 0.1578125
0 0.907140625 0.30354166666666665 0.05909375 0.19183333333333333
0 0.628421875 0.3249791666666667 0.07731249999999999 0.28362499999999996
0 0.827 0.31283333333333335 0.04796875 0.16518750000000001
0 0.441625 0.34397916666666667 0.024953125 0.06064583333333333
0 0.6735625 0.31766666666666665 0.046406249999999996 0.2795625
0 0.15517187500000001 0.374625 0.16071875 0.4876875
0 0.28246875 0.3558541666666667 0.10714062499999999 0.40518750000000003
0 0.8611093750000001 0.30041666666666667 0.039171875 0.06577083333333333
0 0.5061093750000001 0.29552083333333334 0.0366875 0.29210416666666666
0 0.3671875 0.29583333333333334 0.4328125 0.08541666666666667
