0 0.5710468750000001 0.333231850117096 0.07371875 0.3816393442622951
0 0.20975000000000002 0.33395784543325524 0.08509375 0.17559718969555035
0 0.050265625 0.31072599531615924 0.138875 0.2277751756440281
0 0.006671874999999999 0.0 0.10425 0.22217798594847776
0 0.11046875 0.0005152224824355972 0.10878125000000001 0.22899297423887588
0 0.163484375 0.3815456674473068 0.06553125 0.13234192037470727
0 0.2765625 0.0008665105386416862 0.070734375 0.181615925058548
0 0.41775 0.012388758782201406 0.1773125 0.9876112412177985
0 0.08365625 0.0 0.067203125 0.12852459016393444
0 0.19107812500000002 0.0 0.072203125 0.171615925058548
0 0.0 0.38044496487119434 0.076765625 0.15098360655737705
0 0.013203125 0.26831381733021076 0.07715625000000001 0.16386416861826697
0 0.00075 0.3212412177985948 0.026828125 0.1240983606557377
