0 0.521203125 0.6924355971896956 0.04984375 0.07498829039812648
0 0.561890625 0.6850117096018735 0.027828125 0.07044496487119438
0 0.531171875 0.6114051522248244 0.026890625 0.1226463700234192
0 0.44090625 0.7173536299765808 0.091296875 0.04826697892271663
0 0.071640625 0.7809836065573771 0.11642187500000001 0.07606557377049179
0 0.26973437499999997 0.7211475409836066 0.0366875 0.06707259953161593
0 0.690359375 0.7124824355971897 0.15532812499999998 0.06838407494145199
0 0.6542656250000001 0.5925058548009368 0.017046875 0.06812646370023419
0 0.4 0.7074707259953161 0.029265625 0.07110070257611241
0 0.186140625 0.7852927400468384 0.04246875 0.043208430913348944
0 0.113171875 0.7956206088992974 0.038390625 0.028360655737704916
0 0.57765625 0.6398126463700234 0.01634375 0.030843091334894615
0 0.9465781249999999 0.5159016393442623 0.0064375000000000005 0.029297423887587822
0 0.0 0.49882903981264637 0.978125 0.34192037470725994
