0 0.7584531250000001 0.3479791666666667 0.04559375 0.12162500000000001
0 0.27178125 0.32733333333333337 0.159453125 0.599875
0 0.38740625 0.33022916666666663 0.10001562500000001 0.3288125
0 0.49790625000000005 0.3720416666666667 0.02815625 0.11812500000000001
0 0.46089062500000005 0.353125 0.05428125 0.2631041666666667
0 0.0016875000000000002 0.23370833333333335 0.31853125000000004 0.7640416666666667
0 0.7889375000000001 0.35562499999999997 0.01484375 0.0433125
0 0.80015625 0.35075 0.01534375 0.05427083333333334
0 0.728609375 0.35702083333333334 0.01 0.034874999999999996
0 0.68378125 0.37447916666666664 0.00846875 0.033229166666666664
0 0.8008906250000001 0.35910416666666667 0.006078125 0.02664583333333333
