0 0.361953125 0.38558333333333333 0.21226562499999999 0.3939166666666667
0 0.52584375 0.13708333333333333 0.303375 0.8202291666666667
0 0.687984375 0.17372916666666666 0.074421875 0.13802083333333334
0 0.79475 0.2912708333333333 0.109375 0.2578958333333333
0 0.46939062500000006 0.17231249999999998 0.06503125 0.3091458333333333
0 0.3353125 0.201875 0.041859375 0.16347916666666668
0 0.193625 0.21102083333333335 0.02828125 0.04097916666666667
0 0.15859375 0.22158333333333333 0.027359375000000002 0.07429166666666666
0 0.12696875000000002 0.20710416666666667 0.022015625 0.06997916666666668
0 0.27575 0.2435 0.0315 0.04722916666666667
0 0.65034375 0.18152083333333333 0.023671875000000002 0.0603125
0 0.387140625 0.29912500000000003 0.020640625000000003 0.027875
0 0.025875 0.21614583333333334 0.024421875000000003 0.035145833333333334
0 0.2125 0.20416666666666666 0.35625 0.14791666666666667
