0 0.11210443037974682 0.152109375 0.05481012658227848 0.113453125
0 0.1296518987341772 0.188109375 0.040822784810126585 0.078625
0 0.051613924050632906 0.285203125 0.07906645569620253 0.10518749999999999
0 0.17515822784810128 0.299421875 0.07697784810126582 0.081953125
0 0.4716139240506329 0.3736875 0.07626582278481013 0.12323437500000001
0 0.38164556962025314 0.3365 0.06873417721518987 0.091
0 0.3668987341772152 0.30153125 0.06395569620253165 0.09964062500000001
0 0.34091772151898736 0.253359375 0.07194620253164556 0.107171875
0 0.33368670886075946 0.21953125 0.06498417721518987 0.087984375
0 0.389003164556962 0.49471875 0.08240506329113924 0.093140625
0 0.414003164556962 0.38073437499999996 0.06650316455696202 0.13290625
0 0.12748417721518987 0.391046875 0.08025316455696202 0.077890625
0 0.3331170886075949 0.17553125 0.43952531645569615 0.752375
0 0.0 0.0 0.9984177215189873 0.59375
