0 0.23603125 0.3106666666666667 0.062046875 0.0680625
0 0.29146875 0.307875 0.03609375 0.049229166666666664
0 0.334265625 0.3026666666666667 0.05165625 0.07066666666666667
0 0.41076562499999997 0.29289583333333336 0.0304375 0.07535416666666667
0 0.72684375 0.30283333333333334 0.04725 0.065125
0 0.6466406250000001 0.30087499999999995 0.050359375 0.0805
0 0.431421875 0.3048958333333333 0.0389375 0.05504166666666667
0 0.450359375 0.29964583333333333 0.037421875 0.08010416666666667
0 0.6913750000000001 0.2869791666666667 0.0484375 0.07408333333333333
0 0.000125 0.30733333333333335 0.067125 0.20633333333333334
