0 0.21935937499999997 0.848865671641791 0.0411875 0.11370149253731344
0 0.50253125 0.8117910447761194 0.0443125 0.12244776119402986
0 0.1446875 0.5393134328358209 0.036453124999999996 0.09214925373134329
0 0.343296875 0.7338507462686568 0.0325 0.09573134328358208
0 0.06940625 0.5550746268656717 0.017093749999999998 0.08370149253731343
0 0.574328125 0.7044477611940299 0.033875 0.11895522388059702
0 0.6169374999999999 0.6144477611940299 0.029890624999999997 0.10250746268656717
0 0.08937500000000001 0.535223880597015 0.019625 0.10373134328358209
0 0.350578125 0.5573134328358209 0.015265625 0.07844776119402985
0 0.18067187499999998 0.614268656716418 0.021703125 0.10167164179104478
0 0.029296875 0.5442388059701493 0.017656250000000002 0.09982089552238806
0 0.52390625 0.8157611940298507 0.0403125 0.09367164179104477
0 0.1665 0.6152238805970149 0.021812500000000002 0.07486567164179105
0 0.0015625 0.5223880597014925 0.6828125 0.4746268656716418
