0 0.2439375 0.6419166666666667 0.0131875 0.014916666666666667
0 0.046640625000000005 0.8382291666666667 0.052390625 0.16177083333333334
0 0.5746875 0.6152083333333334 0.025984374999999997 0.09554166666666666
0 0.093640625 0.7066458333333333 0.038984375 0.09070833333333334
0 0.235828125 0.8055208333333332 0.039375 0.134375
0 0.9480000000000001 0.6529375000000001 0.032359375 0.06822916666666666
0 0.309046875 0.6137708333333334 0.018796874999999998 0.019187500000000003
0 0.13571875 0.7749166666666666 0.03696875 0.03410416666666667
0 0.157390625 0.8940208333333334 0.048546875 0.08685416666666666
0 0.28453125 0.8499166666666667 0.065078125 0.04554166666666667
0 0.952328125 0.6479791666666667 0.037515625000000004 0.050020833333333334
0 0.60221875 0.649125 0.022734375 0.04302083333333333
0 0.234265625 0.6330833333333333 0.012796875 0.020874999999999998
