0 0.5827127659574468 0.40188 0.4123936170212766 0.58426
0 0.3974468085106383 0.46068000000000003 0.2241223404255319 0.52808
0 0.34452127659574466 0.5166799999999999 0.12335106382978724 0.47614
0 0.2333510638297872 0.54186 0.11688829787234044 0.32666
0 0.1490691489361702 0.51774 0.03433510638297872 0.0955
0 0.10090425531914893 0.53158 0.03156914893617021 0.07364
0 0.000425531914893617 0.54696 0.0550531914893617 0.16202
0 0.3058244680851064 0.55076 0.06965425531914894 0.08814
0 0.24465425531914892 0.5229400000000001 0.027180851063829788 0.02896
0 0.6060372340425532 0.55248 0.08728723404255319 0.0751
0 0.19404255319148936 0.53986 0.03292553191489362 0.0732
0 0.04340425531914894 0.51922 0.03236702127659574 0.08434
