0 0.6738958333333334 0.9109375 0.049895833333333334 0.0890625
0 0.8836041666666666 0.75353125 0.028687499999999998 0.038140625
0 0.5268541666666666 0.8005625000000001 0.057666666666666665 0.04625
0 0.36352083333333335 0.815515625 0.059520833333333335 0.09984375
0 0.0143125 0.8440312499999999 0.06539583333333333 0.110359375
0 0.6949166666666666 0.903546875 0.05516666666666667 0.096453125
0 0.32204166666666667 0.8236718749999999 0.09464583333333333 0.095453125
0 0.19110416666666669 0.848640625 0.09629166666666666 0.108328125
0 0.008270833333333333 0.7579687500000001 0.04035416666666667 0.029171875000000003
0 0.13854166666666667 0.7466406250000001 0.039125 0.034234375
0 0.0935 0.755359375 0.026479166666666668 0.031109375
0 0.5668333333333333 0.746109375 0.01954166666666667 0.0305
0 0.0625 0.753328125 0.028333333333333332 0.03625
0 0.04375 0.70625 0.45625 0.08125
