0 0.446953125 0.6068717948717949 0.093953125 0.22535897435897437
0 0.512671875 0.5985641025641025 0.096734375 0.25425641025641027
0 0.968390625 0.1585128205128205 0.031609375 0.13692307692307693
0 0.711015625 0.6083846153846154 0.10301562500000001 0.25943589743589746
0 0.630875 0.6094102564102564 0.10037499999999999 0.2541282051282051
0 0.847640625 0.5438717948717949 0.03715625 0.08666666666666666
0 0.90915625 0.41507692307692307 0.08875 0.21233333333333335
0 0.8104531250000001 0.13084615384615386 0.051265625 0.15356410256410258
0 0.57203125 0.3363076923076923 0.055453125000000006 0.17748717948717949
0 0.5124531250000001 0.34097435897435896 0.096609375 0.18138461538461537
0 0.398578125 0.41505128205128206 0.065953125 0.172
0 0.265984375 0.3341282051282051 0.078421875 0.22830769230769232
0 0.5299375000000001 0.42841025641025643 0.056125 0.18507692307692308
0 0.0015625 0.1 0.996875 0.8384615384615385
