0 0.2688317757009346 0.285390625 0.44355140186915887 0.644953125
0 0.5551168224299066 0.156015625 0.06941588785046729 0.051078124999999995
0 0.40883177570093454 0.164265625 0.060887850467289714 0.042140625
0 0.3134813084112149 0.1769375 0.0663785046728972 0.05040625
0 0.2125467289719626 0.167625 0.07182242990654206 0.081625
0 0.1680373831775701 0.18757812499999998 0.07228971962616823 0.067296875
0 0.15254672897196264 0.10120312499999999 0.04852803738317757 0.055421874999999995
0 0.04060747663551401 0.034140625 0.09792056074766355 0.07725
0 0.35530373831775697 0.046640625000000005 0.05063084112149533 0.036453124999999996
0 0.5913785046728972 0.5733125 0.133107476635514 0.108578125
0 0.6689953271028037 0.20928125 0.046799065420560754 0.0435625
0 0.7166121495327102 0.32971875 0.060186915887850474 0.063734375
0 0.7442289719626167 0.369359375 0.07845794392523364 0.073546875
0 0.0 0.0 0.9976635514018691 0.7046875
