0 0.768546875 0.294375 0.158421875 0.3955208333333333
0 0.58696875 0.2642083333333333 0.18975 0.37097916666666664
0 0.489796875 0.3000833333333333 0.12775 0.2814583333333333
0 0.41453125 0.2885 0.11868749999999999 0.25375
0 0.181109375 0.29287500000000005 0.130953125 0.2628125
0 0.316859375 0.30525 0.11628125 0.20447916666666668
0 0.08203125 0.29920833333333335 0.1430625 0.4060625
0 0.0 0.7218541666666667 0.53209375 0.2680208333333333
0 0.0 0.5415833333333333 0.47021875 0.4381875
0 0.79146875 0.37562500000000004 0.20853125 0.35422916666666665
