0 0.6891875 0.3569791666666667 0.0540625 0.07658333333333332
0 0.32818749999999997 0.32008333333333333 0.1371875 0.35743749999999996
0 0.6199375 0.26239583333333333 0.047296875 0.0810625
0 0.187703125 0.3260416666666667 0.04459375 0.0886875
0 0.460125 0.32027083333333334 0.102703125 0.3556458333333333
0 0.788484375 0.3628958333333333 0.041875 0.058270833333333334
0 0.57625 0.21879166666666666 0.05121875 0.08433333333333333
0 0.06203125 0.33231249999999996 0.040515625 0.07839583333333335
0 0.7136875 0.10272916666666668 0.044609375 0.07508333333333334
0 0.583296875 0.030020833333333333 0.031156250000000003 0.06393750000000001
0 0.6558125 0.16347916666666668 0.037359375 0.0655625
0 0.2336875 0.3282916666666667 0.046656249999999996 0.09243749999999999
0 0.693375 0.15533333333333335 0.046718749999999996 0.04820833333333333
0 0.0 0.0 0.9984375 0.7291666666666666
