0 0.23159375 0.2840416666666667 0.330921875 0.44297916666666665
0 0.45776562500000006 0.17795833333333333 0.21467187499999998 0.6276875000000001
0 0.261359375 0.21745833333333334 0.0316875 0.08597916666666668
0 0.15578125 0.26083333333333336 0.0561875 0.15737500000000001
0 0.041328125 0.219 0.0726875 0.1085
0 0.274 0.2519791666666667 0.062125 0.15737500000000001
0 0.394046875 0.2658125 0.035609375 0.09185416666666667
0 0.23135937499999998 0.25710416666666663 0.050093750000000006 0.16258333333333336
0 0.1099375 0.22239583333333332 0.05600000000000001 0.136125
0 0.10514062500000002 0.2693333333333333 0.04525 0.1561875
0 0.381875 0.2669166666666667 0.026968750000000003 0.10241666666666666
0 0.32356250000000003 0.21216666666666667 0.021687500000000002 0.06435416666666667
0 0.30293749999999997 0.2166875 0.034046875 0.0848125
0 0.0421875 0.20416666666666666 0.3515625 0.2375
