0 0.29640625 0.13672131147540983 0.12176562500000002 0.2587353629976581
0 0.43396875 0.14217798594847775 0.10604687500000001 0.2673536299765808
0 0.615765625 0.19142857142857142 0.045734375 0.09716627634660421
0 0.307671875 0.16276346604215455 0.042046875 0.12627634660421547
0 0.531671875 0.15894613583138176 0.058796875000000005 0.16173302107728338
0 0.6548125 0.15868852459016394 0.02784375 0.07241217798594848
0 0.51775 0.09032786885245901 0.060046875 0.1388992974238876
0 0.260625 0.1690632318501171 0.051546875000000006 0.10355971896955503
0 0.4485625 0.17482435597189697 0.044953125 0.1037704918032787
0 0.39878125 0.16599531615925056 0.06689062500000001 0.23681498829039813
0 0.672640625 0.15955503512880562 0.04259375 0.1276814988290398
0 0.10773437500000001 0.12543325526932084 0.03771875 0.12039812646370023
0 0.953125 0.15325526932084307 0.036390624999999996 0.07791569086651054
0 0.1546875 0.08665105386416862 0.803125 0.3325526932084309
