0 0.22270833333333334 0.7191875 0.05991666666666667 0.108984375
0 0.13245833333333332 0.713546875 0.054000000000000006 0.13140625
0 0.09510416666666667 0.716609375 0.04735416666666667 0.107640625
0 0.45041666666666663 0.7049218749999999 0.11333333333333333 0.272921875
0 0.18297916666666666 0.7229062500000001 0.050395833333333334 0.11790624999999999
0 0.05277083333333333 0.7168125 0.04560416666666667 0.11070312499999999
0 0.09006249999999999 0.7088125 0.021125 0.0300625
0 0.0006875000000000001 0.7150000000000001 0.03716666666666667 0.114203125
0 0.17252083333333335 0.7249375 0.021416666666666664 0.1006875
0 0.302625 0.766296875 0.07191666666666667 0.19775
0 0.03364583333333333 0.7245468749999999 0.031875 0.09098437499999999
0 0.33527083333333335 0.736125 0.1686041666666667 0.25890625
0 0.12764583333333335 0.71596875 0.021916666666666664 0.021171875
