0 0.796453125 0.6317291666666667 0.13521875 0.10172916666666666
0 0.148265625 0.68375 0.11940625 0.17172916666666668
0 0.535921875 0.5201666666666667 0.0371875 0.0546875
0 0.5645 0.4613333333333333 0.02375 0.100125
0 0.5267968749999999 0.4705833333333333 0.0316875 0.09502083333333333
0 0.572171875 0.5145208333333333 0.056484374999999996 0.07237500000000001
0 0.658390625 0.5268541666666666 0.027046874999999998 0.042895833333333334
0 0.46645312499999997 0.49122916666666666 0.01825 0.07168749999999999
0 0.348546875 0.4780416666666667 0.022093750000000002 0.041041666666666664
0 0.9857812499999999 0.5562708333333333 0.014218749999999999 0.036875
0 0.845453125 0.5308541666666666 0.00584375 0.012750000000000001
0 0.36701562499999996 0.5089166666666667 0.012562499999999999 0.018895833333333334
0 0.327890625 0.4960833333333333 0.0161875 0.028625
0 0.05625 0.47291666666666665 0.921875 0.3770833333333333
