0 0.25578124999999996 0.1730281690140845 0.34553124999999996 0.8157276995305164
0 0.77871875 0.07061032863849764 0.217109375 0.9293896713615024
0 0.513375 0.01284037558685446 0.170125 0.2246244131455399
0 0.18475 0.013215962441314554 0.157890625 0.2905868544600939
0 0.130296875 0.0368075117370892 0.069453125 0.21615023474178402
0 0.350828125 0.007065727699530516 0.151921875 0.22352112676056338
0 0.8453593749999999 0.0036150234741784038 0.13034375 0.2560798122065728
0 0.038625 0.04117370892018779 0.14551562499999998 0.26392018779342724
0 0.290453125 0.0026056338028169015 0.081265625 0.19739436619718312
0 0.07648437500000001 0.08251173708920187 0.051078124999999995 0.0697417840375587
