0 0.026078125 0.6271853546910755 0.081328125 0.31910755148741415
0 0.06085937500000001 0.5181235697940503 0.08882812500000001 0.18290617848970253
0 0.081484375 0.4910297482837529 0.072515625 0.17297482837528605
0 0.16409374999999998 0.4285812356979405 0.05298437499999999 0.24874141876430206
0 0.25779687500000004 0.3136155606407323 0.033140625 0.15826086956521737
0 0.319390625 0.29828375286041187 0.04525 0.18862700228832954
0 0.160359375 0.490091533180778 0.0386875 0.10915331807780321
0 0.03303125 0.5432723112128146 0.10479687499999998 0.1803661327231121
0 0.295828125 0.33720823798627003 0.03325 0.1283295194508009
0 0.547296875 0.41652173913043483 0.049875 0.07363844393592678
0 0.151703125 0.5276887871853547 0.057359375000000004 0.26652173913043475
