1 0.672273 0.673035 0.141766 0.388753
1 0.429844 0.796024 0.198406 0.407953
1 0.202766 0.755424 0.138375 0.294141
1 0.927234 0.557988 0.135281 0.312776
0 0.937625 0.465741 0.12475 0.3992
0 0.857672 0.425694 0.108469 0.378541
0 0.646148 0.560788 0.205766 0.547082
0 0.625656 0.376247 0.097906 0.204118
0 0.567023 0.326494 0.128547 0.200565
0 0.477859 0.287129 0.089031 0.141976
0 0.375812 0.317871 0.074531 0.172212
0 0.335531 0.341329 0.056563 0.168447
0 0.269352 0.430341 0.094016 0.294376
0 0.683516 0.240824 0.079063 0.1552
0 0.223984 0.5978 0.249156 0.663741
0 0.09193 0.426953 0.089641 0.341247
1 0.38693 0.274918 0.038641 0.075435
1 0.296094 0.258635 0.040906 0.035435
1 0.822727 0.476176 0.061828 0.265482
1 0.193367 0.296918 0.051516 0.096941
1 0.766531 0.358906 0.050219 0.1548
0 0.375836 0.174247 0.045078 0.050706
1 0.252867 0.3042 0.044453 0.123365
1 0.122438 0.282176 0.039594 0.057529
1 0.440156 0.295412 0.03925 0.121741
1 0.748633 0.328706 0.035984 0.125976
1 0.530469 0.272941 0.060937 0.061176
