0 0.0255625 0.4304620462046205 0.045265625 0.24155115511551153
0 0.0975 0.43148514851485154 0.11173437500000001 0.3314851485148515
0 0.514921875 0.3445544554455446 0.166265625 0.4048514851485149
0 0.8106562500000001 0.28947194719471947 0.12689062499999998 0.4283828382838284
0 0.770875 0.30422442244224424 0.10140625 0.38537953795379537
0 0.362421875 0.43825082508250823 0.036046875 0.18264026402640265
0 0.678578125 0.29478547854785475 0.028625 0.15825082508250826
0 0.650125 0.29207920792079206 0.031203124999999998 0.1662046204620462
0 0.60771875 0.3126732673267327 0.02525 0.15947194719471947
0 0.5606718749999999 0.3191089108910891 0.029796875 0.05841584158415841
0 0.321625 0.38396039603960397 0.029796875 0.06234323432343235
0 0.287109375 0.38943894389438943 0.08429687500000001 0.3737293729372937
0 0.26859375 0.4647524752475247 0.016484375000000002 0.051881188118811886
0 0.103125 0.297029702970297 0.73125 0.28052805280528054
