0 0.28039812646370027 0.8555781250000001 0.04730679156908665 0.046703125
0 0.25030444964871196 0.8377812499999999 0.012810304449648712 0.033578125
0 0.2971896955503513 0.84015625 0.022552693208430914 0.0193125
0 0.18344262295081967 0.8849375 0.06892271662763466 0.04384375
0 0.6840046838407494 0.8555468749999999 0.04339578454332553 0.050765625
0 0.6688524590163935 0.8317343749999999 0.014543325526932084 0.03853125
0 0.9377985948477752 0.829015625 0.01639344262295082 0.028749999999999998
0 0.0802576112412178 0.847234375 0.017962529274004685 0.02840625
0 0.04697892271662763 0.83775 0.023817330210772834 0.036765625
0 0.2379391100702576 0.8385781250000001 0.013489461358313817 0.030515625
