0 0.348578125 0.6224653739612188 0.093796875 0.26069252077562327
0 0.222796875 0.31191135734072023 0.09523437500000001 0.27520775623268695
0 0.2750625 0.20731301939058172 0.10140625 0.18875346260387812
0 0.4423125 0.27850415512465376 0.10284374999999998 0.25936288088642656
0 0.40251562500000004 0.0 0.06787499999999999 0.15947368421052632
0 0.24651562500000002 0.06063711911357341 0.059625 0.10213296398891966
0 0.771109375 0.03227146814404432 0.093796875 0.3089196675900277
0 0.17284375000000002 0.28736842105263155 0.060125 0.18855955678670358
0 0.420828125 0.5438227146814404 0.11660937499999999 0.23371191135734073
0 0.654984375 0.5975346260387812 0.0686875 0.2736565096952909
0 0.53071875 0.11736842105263157 0.10870312499999998 0.2877285318559557
0 0.209515625 0.6805263157894736 0.11573437499999999 0.25193905817174517
0 0.335546875 0.42817174515235457 0.09840625 0.23096952908587257
0 0.0 0.0 0.9984375 0.997229916897507
