0 0.41176562499999997 0.10787383177570094 0.120234375 0.45841121495327103
0 0.790109375 0.2407476635514019 0.10590625000000001 0.23172897196261683
0 0.522984375 0.6764018691588785 0.1698125 0.3101168224299065
0 0.599625 0.5123598130841122 0.17281249999999998 0.45616822429906545
0 0.372828125 0.613177570093458 0.195890625 0.3868224299065421
0 0.20992187499999998 0.6143457943925233 0.23240625 0.372196261682243
0 0.06381250000000001 0.5396261682242991 0.17734375 0.4603738317757009
0 0.163484375 0.2769158878504673 0.1429375 0.4203271028037383
0 0.34425 0.3651869158878505 0.11664062500000001 0.4274299065420561
0 0.49264062500000005 0.40336448598130836 0.121703125 0.2032943925233645
0 0.65521875 0.3797663551401869 0.090171875 0.30563084112149536
0 0.5459375 0.1719626168224299 0.073515625 0.2228504672897196
