0 0.34965625 0.16395833333333334 0.23142187500000003 0.8220833333333334
0 0.54775 0.37079166666666663 0.17359375 0.6179791666666666
0 0.15435937500000002 0.34602083333333333 0.122484375 0.541375
0 0.121921875 0.4093541666666667 0.05128125 0.22970833333333335
0 0.000234375 0.5092708333333333 0.05853125 0.2591875
0 0.040625 0.40889583333333335 0.045109375 0.11614583333333334
0 0.01034375 0.40108333333333335 0.04240625 0.11810416666666666
0 0.0 0.40079166666666666 0.02765625 0.12166666666666666
0 0.976359375 0.43764583333333335 0.023640625000000002 0.42225
0 0.692125 0.41179166666666667 0.028421875000000003 0.06575
