0 0.094515625 0.23960416666666667 0.1179375 0.6002708333333333
0 0.8065312499999999 0.430875 0.08578125 0.38345833333333335
0 0.1798125 0.3172083333333333 0.10289062499999999 0.4418125
0 0.24315625000000002 0.20254166666666668 0.12475 0.5410208333333333
0 0.35143749999999996 0.23202083333333334 0.10865625000000001 0.49116666666666664
0 0.510671875 0.23370833333333335 0.0994375 0.48764583333333333
0 0.581453125 0.2561875 0.117984375 0.492125
0 0.757390625 0.24331250000000001 0.1373125 0.57275
0 0.443359375 0.2721666666666666 0.090640625 0.45918749999999997
0 0.61053125 0.21220833333333333 0.1808125 0.5604583333333333
0 0.113265625 0.27316666666666667 0.14320312500000001 0.20502083333333332
