0 0.353765625 0.6393749999999999 0.042562499999999996 0.12420833333333332
0 0.1134375 0.7051041666666666 0.089578125 0.2714166666666667
0 0.18228125 0.6526666666666666 0.04409375 0.12589583333333335
0 0.2254375 0.6395625 0.026437500000000003 0.059166666666666666
0 0.306640625 0.6405 0.035109375 0.0925
0 0.2906875 0.637625 0.02096875 0.053125
0 0.40509375 0.632875 0.01959375 0.03825
0 0.33921875 0.6318958333333333 0.023890625 0.043458333333333335
0 0.064046875 0.7123541666666667 0.129765625 0.2719166666666667
0 0.4475625 0.6335833333333334 0.028390625000000003 0.049041666666666664
0 0.49057812500000003 0.619 0.02340625 0.06760416666666667
0 0.2379375 0.6520625 0.058078125 0.142125
