0 0.84840625 0.3795297805642633 0.026421875 0.11423197492163009
0 0.8925000000000001 0.39413793103448275 0.025875 0.07658307210031348
0 0.8185 0.40379310344827585 0.030125000000000002 0.1481818181818182
0 0.127265625 0.3429153605015674 0.039875 0.09316614420062695
0 0.12253125000000001 0.3584639498432602 0.033187499999999995 0.07598746081504702
0 0.917765625 0.3984326018808777 0.015203125000000001 0.06934169278996866
0 0.940234375 0.4063009404388715 0.016390625 0.04639498432601881
0 0.2578125 0.4766457680250784 0.072453125 0.11771159874608149
0 0.956078125 0.3918808777429467 0.01590625 0.041097178683385575
0 0.885890625 0.3864576802507837 0.021406249999999998 0.08821316614420063
0 0.815328125 0.39501567398119125 0.018796874999999998 0.15275862068965515
