0 0.42076562500000003 0.623943661971831 0.10828125 0.28161971830985916
0 0.386125 0.645962441314554 0.055140625 0.18866197183098593
0 0.33378125000000003 0.6492018779342723 0.026296874999999997 0.03284037558685446
0 0.312109375 0.6575352112676056 0.018609375 0.03241784037558686
0 0.301078125 0.6383802816901408 0.01515625 0.03023474178403756
0 0.31690625 0.5891784037558686 0.01103125 0.024859154929577465
0 0.951171875 0.7411267605633803 0.031078125 0.056901408450704224
0 0.316953125 0.6378169014084507 0.015 0.040892018779342724
0 0.296640625 0.6023943661971831 0.009984375 0.03150234741784037
0 0.937875 0.6232863849765258 0.012671874999999999 0.01814553990610329
0 0.908265625 0.6225352112676056 0.016671875 0.031713615023474175
0 0.356734375 0.5870422535211268 0.009546875 0.02342723004694836
0 0.92434375 0.6313849765258217 0.01128125 0.018333333333333333
