0 0.72814 0.5965866666666667 0.07909999999999999 0.14152
0 0.597 0.46608 0.03074 0.06613333333333334
0 0.94064 0.47426666666666667 0.02188 0.07642666666666667
0 0.17778 0.4633066666666667 0.026019999999999998 0.04274666666666667
0 0.8919199999999999 0.4340266666666666 0.00868 0.016640000000000002
0 0.71054 0.6171466666666667 0.071 0.11501333333333334
0 0.57788 0.54776 0.08386 0.17725333333333332
0 0.41384 0.43794666666666665 0.01666 0.037066666666666664
0 0.76244 0.4509066666666667 0.0188 0.07274666666666667
0 0.16 0.50864 0.07823999999999999 0.07064
0 0.8872599999999999 0.4375466666666667 0.005719999999999999 0.010186666666666667
0 0.92416 0.43693333333333334 0.010539999999999999 0.020906666666666667
0 0.9465 0.44421333333333335 0.01038 0.018773333333333333
0 0.896 0.4026666666666667 0.102 0.058666666666666666
