0 0.260046875 0.5167171717171717 0.21018750000000003 0.48328282828282826
0 0.718609375 0.5337542087542088 0.10692187500000001 0.3402356902356902
0 0.80621875 0.5310269360269361 0.06879687500000001 0.2331313131313131
0 0.4475625 0.551043771043771 0.107765625 0.33986531986531987
0 0.54934375 0.5302693602693603 0.10325 0.3598821548821549
0 0.605984375 0.5316835016835016 0.061375 0.154023569023569
0 0.94334375 0.5388720538720538 0.056515625 0.42154882154882156
0 0.725078125 0.5535521885521886 0.030953124999999998 0.04782828282828283
0 0.8487031249999999 0.5553535353535354 0.085546875 0.30774410774410776
0 0.42418750000000005 0.5748989898989899 0.026375 0.06414141414141414
0 0.684796875 0.5559932659932659 0.04803125 0.14607744107744108
0 0.44375 0.5660774410774411 0.037875 0.09294612794612794
0 0.9106249999999999 0.5407575757575758 0.060703125000000004 0.21491582491582492
0 0.175 0.5420875420875421 0.5234375 0.15824915824915825
