0 0.5726697892271663 0.25775000000000003 0.3245433255269321 0.235890625
0 0.3784074941451991 0.69421875 0.1277751756440281 0.087765625
0 0.5967213114754099 0.777546875 0.10081967213114754 0.065328125
0 0.765854800936768 0.8566874999999999 0.10805620608899298 0.1433125
0 0.8610304449648712 0.8819062499999999 0.10011709601873536 0.11809375
0 0.6734426229508197 0.8047656249999999 0.08688524590163935 0.0454375
0 0.1939344262295082 0.626109375 0.07754098360655738 0.097046875
0 0.508711943793911 0.7351875 0.07852459016393443 0.108421875
0 0.08154566744730679 0.46457812499999995 0.16463700234192036 0.23784375
0 0.4599531615925059 0.764796875 0.06011709601873537 0.07273437499999999
0 0.002154566744730679 0.541734375 0.11215456674473068 0.116046875
0 0.5360187353629976 0.806015625 0.07398126463700234 0.06915625
0 0.24278688524590164 0.677046875 0.07501170960187353 0.061578125
0 0.5901639344262295 0.8171875 0.05620608899297424 0.06875
