0 0.493265625 0.17642352941176473 0.1811875 0.4925176470588235
0 0.065109375 0.2992470588235294 0.11837500000000001 0.42305882352941176
0 0.053390625000000004 0.7870823529411765 0.1373125 0.21291764705882352
0 0.42381250000000004 0.7415764705882353 0.153703125 0.2584235294117647
0 0.37903125000000004 0.6224705882352941 0.274578125 0.3640470588235294
0 0.792390625 0.8918823529411765 0.11251562500000001 0.10710588235294119
0 0.8080624999999999 0.6824470588235294 0.06542187499999999 0.14101176470588236
0 0.541703125 0.6404470588235294 0.12982812500000002 0.2988705882352941
0 0.053734375 0.607270588235294 0.19596875 0.26037647058823526
0 0.12464062499999999 0.8692000000000001 0.128171875 0.1308
0 0.23665625 0.8417411764705882 0.095921875 0.15825882352941179
0 0.196625 0.6886352941176471 0.10748437500000001 0.16334117647058824
