0 0.27471875 0.19775 0.44984375 0.80225
0 0.0005625 0.22370833333333331 0.3195 0.7762916666666667
0 0.71275 0.25 0.28725 0.733625
0 0.695203125 0.5456666666666667 0.037671875 0.059354166666666666
0 0.2544375 0.5265416666666667 0.09175 0.11045833333333334
0 0.014265625 0.5574166666666667 0.011953125 0.025208333333333333
0 0.17403125 0.5928958333333333 0.109515625 0.11775000000000001
0 0.7441093750000001 0.5569166666666666 0.026937499999999996 0.024625
0 0.7275 0.5632708333333334 0.021671875 0.02825
0 0.21376562500000001 0.5617291666666666 0.0190625 0.05627083333333334
