0 0.4515664845173042 0.8848593749999999 0.04646630236794171 0.057343750000000006
0 0.3177049180327869 0.8147968750000001 0.024316939890710383 0.056625
0 0.379016393442623 0.8249062500000001 0.03151183970856102 0.0540625
0 0.30684881602914393 0.822453125 0.012112932604735884 0.02640625
0 0.9502914389799636 0.8535468749999999 0.04193078324225865 0.054531249999999996
0 0.23041894353369763 0.829875 0.014681238615664846 0.020125
0 0.8726775956284153 0.9110781250000001 0.03364298724954463 0.0494375
0 0.08222222222222222 0.8327656250000001 0.0177959927140255 0.041515625
0 0.21163934426229508 0.8309218749999999 0.008105646630236794 0.018515625
0 0.11245901639344262 0.8299687499999999 0.018998178506375227 0.040781250000000005
0 0.5243715846994536 0.8549843750000001 0.017012750455373406 0.02
0 0.2635336976320583 0.83009375 0.018123861566484517 0.018875
0 0.09836065573770492 0.831609375 0.01400728597449909 0.039703125
0 0.02185792349726776 0.81875 0.6939890710382514 0.0515625
