0 0.634296875 0.5819583333333332 0.089453125 0.261125
0 0.9366406250000001 0.5847083333333334 0.04034375 0.15160416666666665
0 0.951734375 0.5697708333333333 0.032984374999999996 0.09739583333333333
0 0.9238593749999999 0.5698124999999999 0.020984375 0.15225
0 0.184734375 0.6326250000000001 0.01825 0.16572916666666665
0 0.9890156250000001 0.5808125000000001 0.010984375000000001 0.150875
0 0.9685625 0.5734791666666667 0.01559375 0.15389583333333334
0 0.8935625 0.5813333333333334 0.03075 0.136625
0 0.8834687499999999 0.5861666666666667 0.01815625 0.12639583333333335
0 0.191203125 0.6314583333333333 0.043375000000000004 0.18183333333333335
0 0.0636875 0.6071458333333334 0.026937499999999996 0.07135416666666666
0 0.23689062500000002 0.6628958333333334 0.019484375 0.050333333333333334
0 0.1263125 0.594375 0.056109374999999996 0.21797916666666667
0 0.0921875 0.6041666666666666 0.6484375 0.13125
