0 0.29008 0.0304 0.06056 0.17218666666666665
0 0.5187 0.16176 0.20238 0.4172266666666667
0 0.45 0.011226666666666666 0.13652 0.40674666666666665
0 0.67122 0.24808 0.01924 0.03370666666666667
0 0.6932200000000001 0.20568 0.0285 0.174
0 0.7139 0.22021333333333332 0.04256 0.1741066666666667
0 0.15306 0.054 0.16316 0.58216
0 0.58956 0.06229333333333333 0.08195999999999999 0.17218666666666665
0 0.32338 0.16624 0.1383 0.43117333333333335
0 0.21956 0.08914666666666667 0.24224 0.5147466666666667
0 0.7806000000000001 0.3913866666666667 0.09384 0.11482666666666667
0 0.22758 0.0 0.06986 0.051173333333333335
