0 0.06054 0.15909333333333334 0.16816 0.20178666666666667
0 0.6618200000000001 0.2676 0.030420000000000003 0.10842666666666666
0 0.5189400000000001 0.25797333333333333 0.0249 0.12856
0 0.75412 0.25666666666666665 0.03518 0.13416
0 0.49372000000000005 0.25232 0.03352 0.12645333333333333
0 0.59382 0.2793333333333333 0.01728 0.10938666666666667
0 0.6675 0.24930666666666665 0.00954 0.032293333333333334
0 0.71204 0.26504 0.02044 0.09349333333333334
0 0.94372 0.24824000000000002 0.02966 0.059173333333333335
0 0.43210000000000004 0.2705066666666667 0.030440000000000002 0.09677333333333334
0 0.48078 0.2664533333333333 0.019280000000000002 0.05354666666666666
0 0.56428 0.27736 0.027100000000000003 0.1092
