0 0.634 0.40625292740046837 0.032546874999999996 0.041733021077283376
0 0.29559375 0.3244730679156909 0.03875 0.09550351288056207
0 0.5330781250000001 0.3260655737704918 0.04478125 0.1033255269320843
0 0.563015625 0.32901639344262296 0.03903125 0.11316159250585481
0 0.583015625 0.3171428571428571 0.027437499999999997 0.09194379391100702
0 0.6050625000000001 0.3436065573770492 0.04090625 0.08812646370023419
0 0.6385625 0.3396252927400469 0.034749999999999996 0.10782201405152225
0 0.669640625 0.3410772833723653 0.037453125 0.060000000000000005
0 0.71603125 0.35473067915690865 0.024140625 0.07152224824355971
0 0.7381249999999999 0.3347540983606557 0.027546875 0.11257611241217799
0 0.170515625 0.37894613583138176 0.051390625 0.06791569086651054
0 0.049484375000000004 0.3768384074941452 0.052468749999999995 0.06967213114754098
0 0.5295156249999999 0.39864168618266976 0.051468749999999994 0.04812646370023419
0 0.0 0.20140515222482436 0.9984375 0.7096018735362998
