0 0.0015 0.031858823529411766 0.44917187500000005 0.9568941176470589
0 0.220359375 0.05755294117647059 0.439234375 0.926
0 0.44171875 0.09663529411764706 0.2895 0.8898823529411765
0 0.627765625 0.18654117647058824 0.222625 0.5616235294117647
0 0.6599375000000001 0.16094117647058825 0.032468750000000005 0.09355294117647059
0 0.84159375 0.10816470588235294 0.13346875 0.5342823529411764
0 0.8902187500000001 0.013929411764705883 0.10978125000000001 0.5024000000000001
0 0.732796875 0.21884705882352942 0.19853125 0.19929411764705884
0 0.537796875 0.12917647058823528 0.24401562499999999 0.7754823529411764
0 0.817171875 0.03915294117647059 0.09290625 0.2176235294117647
0 0.730890625 0.16268235294117647 0.094828125 0.22609411764705883
