0 0.2067483660130719 0.42022875816993466 0.10336601307189543 0.2808986928104575
0 0.10052287581699347 0.46862745098039216 0.3269444444444444 0.4614052287581699
0 0.515032679738562 0.4112908496732026 0.1711111111111111 0.2459967320261438
0 0.5619771241830065 0.4503104575163398 0.2638888888888889 0.49361111111111106
0 0.2796895424836601 0.3867647058823529 0.04004901960784314 0.05093137254901961
0 0.4387745098039215 0.39323529411764707 0.07364379084967321 0.08906862745098039
0 0.6912254901960784 0.39552287581699347 0.1027124183006536 0.17215686274509803
0 0.250718954248366 0.4146078431372549 0.1015359477124183 0.20377450980392156
0 0.39109477124183006 0.4084313725490196 0.06315359477124183 0.06836601307189544
0 0.34911764705882353 0.41217320261437906 0.08205882352941177 0.08717320261437908
0 0.525375816993464 0.3763888888888889 0.04470588235294118 0.04611111111111111
0 0.1731045751633987 0.4176633986928105 0.05207516339869281 0.06026143790849674
0 0.5050653594771242 0.40366013071895424 0.05019607843137255 0.12204248366013072
