0 0.238875 0.3907494145199063 0.15865625 0.3101639344262295
0 0.4765625 0.441943793911007 0.11790624999999999 0.1935831381733021
0 0.302046875 0.14370023419203748 0.05209375000000001 0.10002341920374708
0 0.49378124999999995 0.13925058548009367 0.052375000000000005 0.0655503512880562
0 0.39375 0.15316159250585482 0.070734375 0.07323185011709601
0 0.35221874999999997 0.135152224824356 0.05071875 0.09194379391100702
0 0.19564062499999998 0.14789227166276347 0.0683125 0.1122248243559719
0 0.14028125 0.15686182669789228 0.059984375 0.10641686182669789
0 0.8266562499999999 0.048220140515222484 0.069625 0.1010304449648712
0 0.6032968750000001 0.12100702576112413 0.052859375 0.06259953161592506
0 0.54928125 0.13281030444964873 0.0323125 0.06243559718969555
0 0.452828125 0.11259953161592505 0.046218749999999996 0.10285714285714286
0 0.47543749999999996 0.3697892271662764 0.119921875 0.2319672131147541
0 0.7015625 0.10304449648711944 0.096875 0.06557377049180328
