0 0.5049375 0.15955607476635517 0.49506249999999996 0.8292056074766354
0 0.27335937499999996 0.43616822429906543 0.211671875 0.46929906542056077
0 0.30809375 0.3852570093457944 0.065640625 0.31133177570093457
0 0.21640625 0.35962616822429905 0.08503125 0.44897196261682243
0 0.15028125 0.4157242990654206 0.11571875000000001 0.4786682242990654
0 0.08996875 0.40806074766355144 0.08396875000000001 0.45516355140186915
0 0.34715625 0.4022429906542056 0.08565625 0.12359813084112149
0 0.42262500000000003 0.5189252336448598 0.06929687500000001 0.3096028037383177
0 0.601140625 0.41455607476635514 0.04628125 0.17074766355140186
0 0.294203125 0.42404205607476636 0.025374999999999998 0.08710280373831776
0 0.48734374999999996 0.43329439252336444 0.042734375000000005 0.3478738317757009
0 0.43571875000000004 0.4701869158878505 0.01675 0.03845794392523365
