0 0.703109 0.396042 0.071625 0.244208
0 0.428992 0.293125 0.059766 0.07675
0 0.304211 0.585396 0.281453 0.721333
0 0.047039 0.478948 0.094078 0.417396
0 0.372555 0.285552 0.032297 0.093604
0 0.406539 0.287938 0.035922 0.0805
0 0.69182 0.256927 0.033078 0.097063
0 0.843031 0.237115 0.019844 0.072271
0 0.883352 0.242469 0.018953 0.074854
0 0.856992 0.231813 0.014016 0.076042
0 0.793703 0.240271 0.026219 0.067792
0 0.276758 0.28299 0.027672 0.060021
0 0.302258 0.317354 0.060891 0.10825
0 0.549219 0.563542 0.898438 0.672917
