0 0.238015625 0.5278169014084507 0.046156249999999996 0.09093896713615024
0 0.337984375 0.5367840375586854 0.03553125 0.0717605633802817
0 0.462609375 0.5064319248826291 0.018484375 0.11058685446009389
0 0.4889375 0.4935211267605634 0.03125 0.09389671361502347
0 0.527421875 0.4864084507042254 0.017484375 0.07018779342723004
0 0.581265625 0.47575117370892017 0.010484375 0.07281690140845071
0 0.60478125 0.48227699530516427 0.00971875 0.053896713615023475
0 0.42585937500000004 0.5104929577464788 0.02175 0.10213615023474178
0 0.332671875 0.5209389671361502 0.01753125 0.07833333333333332
0 0.39365625 0.5501173708920187 0.024640625 0.09624413145539906
0 0.30660937499999996 0.5211971830985915 0.02240625 0.060586854460093896
0 0.921734375 0.3499530516431925 0.078265625 0.14124413145539907
0 0.40368750000000003 0.5127464788732394 0.0258125 0.0604225352112676
