0 0.513 0.3344744744744745 0.171 0.42564564564564566
0 0.4011 0.5438138138138138 0.26489999999999997 0.4449549549549549
0 0.67188 0.21900900900900902 0.05734 0.31783783783783787
0 0.0070999999999999995 0.5777177177177177 0.30054000000000003 0.4222822822822823
0 0.7566 0.5652852852852853 0.1851 0.43195195195195196
0 0.40346 0.4285285285285285 0.11173999999999999 0.4079279279279279
0 0.93084 0.02855855855855856 0.05586 0.10453453453453454
0 0.22866 0.14546546546546546 0.056060000000000006 0.25981981981981983
0 0.2199 0.5035435435435436 0.1775 0.48585585585585583
0 0.11170000000000001 0.42438438438438436 0.07572 0.11612612612612613
0 0.01492 0.31933933933933933 0.07342 0.5326426426426426
0 0.09146 0.1807207207207207 0.053939999999999995 0.07069069069069069
0 0.11558 0.25117117117117116 0.11348 0.2890990990990991
0 0.008 0.003003003003003003 0.99 0.993993993993994
