0 0.041234 0.85675 0.082344 0.278125
0 0.207258 0.809937 0.058828 0.107417
0 0.273453 0.791562 0.040906 0.075458
0 0.230008 0.790375 0.025984 0.056375
1 0.246367 0.867625 0.136203 0.104917
1 0.431828 0.853375 0.036156 0.091375
1 0.369586 0.836844 0.041391 0.050188
1 0.499539 0.843573 0.018578 0.061021
1 0.557617 0.843917 0.035953 0.06775
1 0.472219 0.804865 0.032313 0.023896
1 0.30207 0.823125 0.017641 0.014333
0 0.153039 0.79126 0.048141 0.072229
1 0.160008 0.86349 0.060547 0.110354
1 0.537555 0.850625 0.012359 0.073625
1 0.581203 0.835417 0.028469 0.088667
