0 0.265484375 0.5780625 0.04628125 0.09397916666666667
0 0.8631875000000001 0.5928125000000001 0.032296875 0.1096875
0 0.844078125 0.65525 0.034703125 0.07264583333333333
0 0.731421875 0.5844583333333334 0.025328125 0.07208333333333333
0 0.4381875 0.45081249999999995 0.03371875 0.04635416666666667
0 0.762046875 0.3716458333333333 0.0309375 0.076375
0 0.094203125 0.4169583333333333 0.03096875 0.06152083333333334
0 0.17090624999999998 0.24231250000000001 0.028484375 0.059875
0 0.7058125000000001 0.6042916666666667 0.024890625 0.04254166666666667
0 0.7879375 0.6299791666666666 0.024015625 0.051437500000000004
0 0.76265625 0.16320833333333334 0.01859375 0.050791666666666666
0 0.9182499999999999 0.39758333333333334 0.037140625 0.07820833333333334
0 0.813015625 0.6032083333333333 0.03384375 0.08766666666666666
0 0.0390625 0.04791666666666667 0.9375 0.71875
