0 0.4584074941451991 0.76346875 0.11203747072599532 0.20456249999999998
0 0.5836533957845433 0.681265625 0.051077283372365334 0.097546875
0 0.6288290398126464 0.66959375 0.03601873536299766 0.076953125
0 0.8444028103044496 0.6567968750000001 0.03395784543325527 0.07484375
0 0.8420374707259953 0.7426875 0.13812646370023418 0.205015625
0 0.3797658079625293 0.81740625 0.11112412177985949 0.18259375
0 0.001920374707259953 0.83959375 0.1475175644028103 0.16040625
0 0.08370023419203748 0.761859375 0.09948477751756439 0.07965625
0 0.1426463700234192 0.733109375 0.10653395784543326 0.111234375
0 0.7475644028103045 0.819 0.11810304449648712 0.181
0 0.4580093676814988 0.6722187500000001 0.03676814988290398 0.085828125
0 0.2398360655737705 0.801296875 0.12098360655737704 0.198703125
0 0.9299297423887587 0.64165625 0.024871194379391098 0.0466875
0 0.0 0.625 0.9976580796252927 0.3734375
