0 0.09861176470588234 0.4256875 0.4237882352941177 0.3623125
0 0.22543529411764707 0.06921875 0.36418823529411765 0.368078125
0 0.11435294117647059 0.0744375 0.11298823529411765 0.451109375
0 0.8160235294117647 0.1328125 0.1839764705882353 0.321671875
0 0.7078823529411765 0.058484375 0.13291764705882353 0.177984375
0 0.565764705882353 0.08584375 0.21096470588235294 0.1420625
0 0.0033882352941176468 0.20270312499999998 0.2543764705882353 0.797296875
0 0.1691529411764706 0.01828125 0.21291764705882352 0.393640625
0 0.2858588235294118 0.6900937500000001 0.6447294117647059 0.30825
0 0.023647058823529413 0.067984375 0.15385882352941177 0.315578125
0 0.9428235294117647 0.12478125 0.057176470588235294 0.10895312500000001
0 0.5312941176470588 0.15053125 0.19858823529411765 0.22726562499999997
0 0.6630117647058823 0.21971875000000002 0.1948235294117647 0.199640625
0 0.0 0.028125 0.9976470588235294 0.5328125
