0 0.008046875 0.7616875000000001 0.018015625 0.0878125
0 0.32221875 0.7787291666666667 0.02090625 0.06335416666666667
0 0.16659375 0.6268125 0.010890625 0.057749999999999996
0 0.22967187500000003 0.6353125 0.015296874999999998 0.05460416666666667
0 0.3176875 0.6562916666666666 0.0063281249999999995 0.03739583333333333
0 0.49368749999999995 0.6835625000000001 0.011 0.043062500000000004
0 0.501578125 0.6634166666666667 0.00840625 0.049708333333333334
0 0.55240625 0.6707916666666667 0.0074062500000000005 0.02041666666666667
0 0.617046875 0.6761666666666667 0.010421875 0.042708333333333334
0 0.675875 0.6819375 0.00871875 0.04589583333333334
0 0.03828125 0.7665416666666667 0.030234375 0.084
0 0.06465625 0.6224166666666666 0.0125 0.052437500000000005
0 0.07003125 0.9593958333333333 0.041125 0.04060416666666666
0 0.0015625 0.5729166666666666 0.9875 0.275
