0 0.3115 0.6625132275132275 0.02021875 0.03661375661375661
0 0.435421875 0.6939947089947089 0.027515625 0.04608465608465609
0 0.22725 0.595 0.030125000000000002 0.034206349206349206
0 0.188078125 0.4674867724867725 0.009890625 0.011005291005291006
0 0.17471874999999998 0.5511640211640212 0.013703125 0.013121693121693121
0 0.8650625 0.42243386243386244 0.00196875 0.020026455026455028
0 0.840234375 0.40820105820105823 0.008 0.02275132275132275
0 0.2288125 0.5663227513227513 0.009515625 0.02738095238095238
0 0.40395312499999997 0.8585714285714287 0.07614062499999999 0.04298941798941799
0 0.38737499999999997 0.4487037037037037 0.008828125000000001 0.005582010582010581
0 0.446203125 0.48500000000000004 0.0044531250000000005 0.013042328042328041
0 0.19546875 0.4875661375661376 0.025718750000000002 0.016428571428571428
0 0.21875 0.373015873015873 0.7546875 0.12962962962962962
