0 0.01796 0.30492492492492496 0.2694 0.695075075075075
0 0.365 0.4763063063063063 0.08218 0.2840840840840841
0 0.5271 0.46720720720720726 0.07973999999999999 0.32975975975975974
0 0.7005 0.2669069069069069 0.192 0.722972972972973
0 0.6408400000000001 0.46861861861861864 0.02618 0.0833033033033033
0 0.6975800000000001 0.4758558558558559 0.0352 0.10213213213213213
0 0.60872 0.4554654654654654 0.012060000000000001 0.05816816816816817
0 0.59076 0.46210210210210206 0.01636 0.05531531531531532
0 0.64508 0.46897897897897894 0.055740000000000005 0.297027027027027
0 0.43256 0.4725525525525526 0.07878 0.3035435435435435
