0 0.2286605080831409 0.502234375 0.329122401847575 0.443953125
0 0.5361431870669746 0.675796875 0.11584295612009238 0.174328125
0 0.7905080831408776 0.64503125 0.07593533487297922 0.179421875
0 0.6260508083140878 0.59821875 0.03785219399538106 0.022296875
0 0.9331177829099307 0.594109375 0.029330254041570438 0.022593750000000003
0 0.8370207852193996 0.5970625 0.03653579676674365 0.015734375000000002
0 0.16087759815242494 0.596375 0.041270207852194 0.023515625000000002
0 0.7493995381062356 0.609046875 0.014133949191685912 0.011125
0 0.8976443418013857 0.598421875 0.030831408775981523 0.020015625000000002
0 0.6585219399538106 0.59078125 0.05143187066974596 0.031468750000000004
0 0.9607852193995381 0.5806250000000001 0.03367205542725173 0.036328125
0 0.5792147806004619 0.60625 0.031986143187066975 0.014546875
0 0.41418013856812935 0.5933437500000001 0.030184757505773673 0.026671875
0 0.6812933025404158 0.0484375 0.18013856812933027 0.571875
