0 0.06714583333333332 0.68525 0.058479166666666665 0.11665624999999999
0 0.14508333333333334 0.68178125 0.05266666666666667 0.11378124999999999
0 0.8382916666666667 0.707640625 0.06308333333333334 0.099109375
0 0.9712083333333333 0.7085625 0.023979166666666666 0.036796875
0 0.32785416666666667 0.69028125 0.014083333333333333 0.036546875
0 0.18260416666666668 0.6896093750000001 0.0309375 0.10210937499999999
0 0.9328749999999999 0.70459375 0.034499999999999996 0.038656249999999996
0 0.8270833333333333 0.691875 0.03972916666666667 0.047031250000000004
0 0.6655833333333334 0.6971093749999999 0.017 0.025921875
0 0.21366666666666667 0.70134375 0.017416666666666667 0.0235
