0 0.44656250000000003 0.2304449648711944 0.07271875 0.20576112412177985
0 0.4033125 0.25824355971896956 0.058328124999999995 0.2811007025761124
0 0.265375 0.0022482435597189696 0.26387499999999997 0.9865105386416863
0 0.12979687499999998 0.1431615925058548 0.163765625 0.3482201405152225
0 0.0038593750000000004 0.1228103044496487 0.23178125 0.6182669789227166
0 0.106859375 0.09892271662763466 0.072125 0.3028571428571428
0 0.583359375 0.18227166276346604 0.057046875 0.2223185011709602
0 0.813890625 0.18262295081967214 0.068421875 0.5524121779859484
0 0.7559218750000001 0.23313817330210773 0.0689375 0.40679156908665104
0 0.514265625 0.18875878220140513 0.142421875 0.7707962529274005
0 0.678 0.15817330210772834 0.122 0.5366510538641687
0 0.39845312499999996 0.17362997658079626 0.059343749999999994 0.1409367681498829
0 0.48120312500000006 0.20426229508196722 0.033515625 0.05882903981264637
0 0.4703125 0.1451990632318501 0.3765625 0.34894613583138173
