0 0.8732031250000001 0.6986182669789227 0.0308125 0.15672131147540985
0 0.94453125 0.6969320843091334 0.040031250000000004 0.15822014051522248
0 0.65525 0.6984074941451991 0.034328125 0.1655503512880562
0 0.680265625 0.7140515222482435 0.038203125 0.13864168618266978
0 0.8259531250000001 0.7147775175644028 0.030109375 0.1451288056206089
0 0.063875 0.5921077283372366 0.045015625 0.15943793911007026
0 0.924765625 0.6844496487119438 0.025109375 0.08426229508196721
0 0.451359375 0.7321779859484777 0.005609375 0.016791569086651054
0 0.222109375 0.7092974238875879 0.035312500000000004 0.13552693208430913
0 0.926921875 0.7100468384074942 0.026984374999999998 0.16751756440281032
