0 0.152921875 0.5101170960187353 0.109453125 0.33482435597189697
0 0.09275 0.07505854800936768 0.029265625 0.06899297423887588
0 0.16107812500000002 0.5039578454332553 0.02340625 0.11220140515222482
0 0.071765625 0.49985948477751757 0.037046875 0.1335128805620609
0 0.040484375 0.49814988290398127 0.030265625 0.1418969555035129
0 0.437125 0.4370491803278689 0.151703125 0.34873536299765806
0 0.285984375 0.5946135831381734 0.15034375 0.22536299765807963
0 0.33381249999999996 0.4859484777517564 0.020203125 0.10690866510538641
0 0.0996875 0.49477751756440286 0.0243125 0.14079625292740047
0 0.004296875 0.5097189695550352 0.048140625 0.12569086651053865
0 0.39860937500000004 0.43386416861826693 0.016359375000000002 0.056768149882903976
0 0.36065625 0.47983606557377045 0.017328125 0.04597189695550351
0 0.6212500000000001 0.4386416861826698 0.016359375000000002 0.03622950819672131
0 0.1234375 0.09601873536299765 0.334375 0.5362997658079626
