0 0.57175 0.03139583333333333 0.42824999999999996 0.9551458333333334
0 0.27134375 0.28989583333333335 0.32528125 0.6988749999999999
0 0.37101562499999996 0.09672916666666667 0.1556875 0.22322916666666667
0 0.0016875000000000002 0.14977083333333333 0.332765625 0.7837916666666668
0 0.7950468749999999 0.07370833333333333 0.077203125 0.2693333333333333
0 0.865859375 0.04925 0.05721875 0.13304166666666667
0 0.846015625 0.044187500000000005 0.117296875 0.29525
0 0.536921875 0.11177083333333333 0.26190625 0.23279166666666665
0 0.25060937499999997 0.1389166666666667 0.12185937499999999 0.1764375
0 0.5663125 0.21341666666666667 0.037859375 0.057708333333333334
0 0.8372187500000001 0.045083333333333336 0.047109374999999995 0.09797916666666667
