0 0.26715625 0.23558333333333334 0.140390625 0.5586666666666668
0 0.114453125 0.294 0.07703125 0.08614583333333334
0 0.274078125 0.3001875 0.047140625000000005 0.0774375
0 0.182484375 0.2155625 0.04928125 0.10525000000000001
0 0.268140625 0.2255625 0.048234375 0.09354166666666666
0 0.265203125 0.18572916666666667 0.05559375 0.10664583333333333
0 0.31525 0.22537500000000002 0.052671875 0.07308333333333333
0 0.293515625 0.13166666666666668 0.083578125 0.16552083333333334
0 0.49214062500000005 0.20897916666666666 0.053921874999999994 0.11685416666666668
0 0.682890625 0.261625 0.054000000000000006 0.06391666666666666
0 0.25065624999999997 0.0956875 0.03496875 0.07481249999999999
0 0.161765625 0.09989583333333334 0.05034375 0.10293749999999999
0 0.189234375 0.29910416666666667 0.04578125 0.07904166666666666
