0 0.3301807228915663 0.5662200000000001 0.07412650602409639 0.14316
0 0.0669277108433735 0.31966 0.06816265060240964 0.06536
0 0.12421686746987952 0.37162 0.04316265060240964 0.019260000000000003
0 0.0018072289156626504 0.46366 0.0877710843373494 0.048920000000000005
0 0.37569277108433735 0.36818 0.0794578313253012 0.04168
0 0.8850301204819276 0.58904 0.05286144578313253 0.08762
0 0.00012048192771084338 0.4607 0.025662650602409638 0.047259999999999996
0 0.20033132530120484 0.55504 0.12138554216867468 0.15475999999999998
0 0.4546987951807229 0.37422000000000005 0.05304216867469879 0.0402
0 0.3785542168674699 0.38382 0.0413855421686747 0.02434
0 0.3024698795180723 0.38376 0.07641566265060241 0.03934
0 0.17093373493975902 0.36962 0.06364457831325301 0.044520000000000004
0 0.43903614457831325 0.32702 0.26581325301204817 0.53638
0 0.015060240963855422 0.324 0.41566265060240964 0.202
