0 0.19533957845433256 0.2898125 0.49473067915690866 0.509296875
0 0.5167213114754098 0.31953125 0.1221311475409836 0.157109375
0 0.3241686182669789 0.162578125 0.1473536299765808 0.181375
0 0.23522248243559718 0.1676875 0.1086416861826698 0.153921875
0 0.7285948477751757 0.15521875000000002 0.12557377049180327 0.174015625
0 0.8121779859484778 0.14351562499999998 0.1859016393442623 0.192890625
0 0.5729976580796252 0.077421875 0.13625292740046838 0.1953125
0 0.11775175644028103 0.076265625 0.12505854800936766 0.12353125000000001
0 0.10599531615925058 0.14642187499999998 0.13140515222482435 0.15109375
0 0.23962529274004682 0.07621875 0.09969555035128806 0.114015625
0 0.46035128805620606 0.00284375 0.12850117096018734 0.1358125
0 0.0 0.151796875 0.085807962529274 0.1449375
0 0.6860187353629976 0.00096875 0.11906323185011711 0.138578125
0 0.0 0.0 0.9976580796252927 0.2796875
