0 0.303203125 0.46493749999999995 0.035234375 0.10656249999999999
0 0.65675 0.46918750000000004 0.06498437500000001 0.22410416666666666
0 0.792390625 0.47652083333333334 0.015875 0.07835416666666667
0 0.86071875 0.4798958333333333 0.032828125 0.10212500000000001
0 0.9159375000000001 0.48114583333333333 0.032109375 0.11370833333333333
0 0.32553125 0.47385416666666663 0.025265625000000003 0.09722916666666667
0 0.7482968750000001 0.47160416666666666 0.041203125 0.16847916666666668
0 0.77946875 0.4724583333333333 0.06559374999999999 0.21062499999999998
0 0.71046875 0.4779791666666667 0.014328125 0.03925
0 0.38015625000000003 0.46841666666666665 0.01946875 0.04597916666666667
0 0.1626875 0.47389583333333335 0.02384375 0.06279166666666666
0 0.21598437499999998 0.4721666666666666 0.014734375 0.07002083333333334
0 0.7207343749999999 0.48241666666666666 0.020953125 0.13035416666666666
0 0.0734375 0.3645833333333333 0.925 0.275
