0 0.1351875 0.29922535211267604 0.088546875 0.3286619718309859
0 0.023515625000000002 0.31657276995305167 0.09768750000000001 0.32765258215962445
0 0.30371875 0.32199530516431923 0.02634375 0.1324413145539906
0 0.2385625 0.33138497652582155 0.021078125 0.09352112676056339
0 0.32928125 0.3138028169014085 0.020859375 0.05204225352112676
0 0.386265625 0.3222769953051643 0.02009375 0.02976525821596244
0 0.25773437499999996 0.32941314553990614 0.032718750000000005 0.12462441314553992
0 0.9585000000000001 0.34281690140845067 0.041499999999999995 0.23232394366197182
0 0.8873125 0.36791079812206573 0.017140625 0.07725352112676055
0 0.10873437500000001 0.33434272300469486 0.046406249999999996 0.24737089201877932
0 0.350171875 0.322206572769953 0.02615625 0.03413145539906103
0 0.279015625 0.32591549295774647 0.02009375 0.12359154929577465
0 0.249359375 0.32253521126760565 0.0175625 0.0934037558685446
