0 0.5326562499999999 0.24199063231850115 0.171125 0.26194379391100703
0 0.6308906249999999 0.6798360655737705 0.007625 0.04873536299765808
0 0.32815625000000004 0.7152459016393443 0.023078124999999998 0.058618266978922716
0 0.367734375 0.6715222482435598 0.010453125 0.022693208430913346
0 0.384578125 0.6731381733021078 0.010078125 0.01927400468384075
0 0.416453125 0.6742857142857144 0.00859375 0.022646370023419203
0 0.656421875 0.7125292740046838 0.028109375 0.052810304449648716
0 0.7095312500000001 0.7014519906323184 0.016828125 0.06459016393442622
0 0.749515625 0.670632318501171 0.009890625 0.029648711943793912
0 0.32684375 0.7547775175644028 0.040390625 0.06330210772833723
0 0.48671875 0.6780093676814988 0.010546875 0.038290398126463704
0 0.28771874999999997 0.6924590163934427 0.00840625 0.041896955503512884
0 0.399921875 0.68 0.00809375 0.016814988290398125
