61 0.171187 0.815597 0.138563 0.069227
61 0.919836 0.897014 0.160328 0.205972
61 0.78568 0.8887 0.144547 0.202927
0 0.435547 0.701124 0.196406 0.588759
0 0.646945 0.67219 0.190422 0.655621
61 0.178234 0.764871 0.104438 0.076206
61 0.025172 0.803888 0.050344 0.112693
61 0.033047 0.720082 0.0655 0.036464
61 0.242391 0.949707 0.199313 0.100585
61 0.262344 0.68877 0.022 0.141241
61 0.737898 0.73815 0.038234 0.042482
61 0.318078 0.707459 0.026875 0.143208
61 0.287594 0.694543 0.04375 0.150351
61 0.51382 0.868841 0.077984 0.111686
61 0.137164 0.716932 0.088047 0.033817
61 0.157812 0.799766 0.315625 0.395785
