0 0.3746009389671362 0.638578125 0.09852112676056338 0.15918749999999998
0 0.7972065727699531 0.5920468750000001 0.1715492957746479 0.32010937500000003
0 0.11950704225352111 0.628046875 0.038685446009389675 0.055078125
0 0.17084507042253522 0.639671875 0.022957746478873237 0.035375000000000004
0 0.515281690140845 0.6348125 0.025305164319248823 0.019984375
0 0.09410798122065729 0.6376875 0.021854460093896716 0.0345625
0 0.2295774647887324 0.6245 0.02061032863849765 0.022984375
0 0.2504225352112676 0.6309843749999999 0.021103286384976525 0.014890625
0 0.31981220657277 0.62778125 0.01967136150234742 0.015312500000000001
0 0.22392018779342723 0.647140625 0.06366197183098592 0.0440625
0 0.4329107981220657 0.6484687499999999 0.24068075117370893 0.24553124999999998
0 0.20462441314553992 0.63375 0.020845070422535212 0.041515625
0 0.27368544600938965 0.62934375 0.01685446009389671 0.013218750000000001
0 0.15023474178403756 0.615625 0.8051643192488263 0.0671875
