0 0.29009375 0.605868544600939 0.071890625 0.3010093896713615
0 0.350171875 0.6388732394366198 0.036765625 0.20082159624413146
0 0.22951562499999997 0.63518779342723 0.04290625 0.14359154929577464
0 0.15084375 0.6088967136150234 0.05571875 0.22502347417840377
0 0.067765625 0.6414319248826291 0.09115625000000001 0.20300469483568076
0 0.9767187500000001 0.6433568075117371 0.02328125 0.12169014084507043
0 0.95021875 0.6546948356807512 0.024484375 0.1134037558685446
0 0.931078125 0.6489906103286386 0.018265625 0.11349765258215963
0 0.44420312500000003 0.6376056338028169 0.01934375 0.1212676056338028
0 0.2748125 0.6406338028169015 0.03365625 0.18910798122065728
0 0.206984375 0.6266431924882628 0.038515625 0.155868544600939
0 0.129265625 0.6351643192488262 0.013250000000000001 0.033192488262910796
0 0.13915625 0.6168309859154929 0.017359375 0.13286384976525822
0 0.1671875 0.5915492957746479 0.46875 0.18309859154929578
