0 0.6626875 0.646625 0.0113125 0.04177083333333333
0 0.710078125 0.6261666666666666 0.014812500000000001 0.0564375
0 0.44240625 0.6355625 0.02371875 0.06327083333333333
0 0.563484375 0.63175 0.013765625 0.051958333333333336
0 0.5393749999999999 0.66925 0.01203125 0.024041666666666666
0 0.7913281249999999 0.626125 0.00821875 0.035479166666666666
0 0.47935937500000003 0.6358541666666666 0.01496875 0.059875
0 0.623859375 0.6418541666666666 0.01634375 0.04829166666666666
0 0.86146875 0.6032708333333333 0.01121875 0.027125
0 0.64071875 0.6475208333333333 0.014890625 0.042333333333333334
0 0.4928125 0.6389583333333333 0.017296875 0.05414583333333333
0 0.130125 0.6583749999999999 0.015875 0.030500000000000003
0 0.677171875 0.6320416666666666 0.017109375 0.059104166666666666
0 0.159375 0.5979166666666667 0.8171875 0.11875
