0 0.060250000000000005 0.5303971962616822 0.31028125 0.4594626168224299
0 0.291546875 0.4622429906542056 0.174328125 0.519088785046729
0 0.00253125 0.3991822429906542 0.0885 0.20785046728971962
0 0.44325000000000003 0.3211214953271028 0.0930625 0.4037850467289719
0 0.51771875 0.39733644859813083 0.05487499999999999 0.2601869158878505
0 0.689890625 0.3997429906542056 0.051671875 0.2638317757009346
0 0.648296875 0.5071728971962617 0.042812499999999996 0.1953271028037383
0 0.054093749999999996 0.46448598130841123 0.105203125 0.28539719626168225
0 0.35173437500000004 0.3688084112149533 0.11415625 0.4310514018691589
0 0.58621875 0.3060280373831775 0.076453125 0.37719626168224296
0 0.5493125 0.3531308411214953 0.04109375 0.22999999999999998
0 0.8996875 0.3398598130841122 0.09489062499999999 0.26850467289719626
0 0.8174374999999999 0.4439719626168225 0.040015625 0.1435747663551402
0 0.0015625 0.308411214953271 0.9875 0.3644859813084112
