0 0.7600625 0.07979166666666666 0.117453125 0.5011249999999999
0 0.620953125 0.09191666666666666 0.10515624999999999 0.45535416666666667
0 0.6733125 0.114 0.050109375 0.2651458333333333
0 0.9085000000000001 0.0017291666666666666 0.0915 0.3207291666666666
0 0.8119375 0.15472916666666667 0.187796875 0.7106875
0 0.34796875 0.4177916666666667 0.32432812499999997 0.5822083333333333
0 0.65953125 0.09543750000000001 0.040828125 0.09914583333333334
0 0.357609375 0.20435416666666667 0.054671875 0.201625
0 0.026968750000000003 0.43145833333333333 0.61853125 0.5685416666666666
0 0.69540625 0.3028958333333333 0.056374999999999995 0.18120833333333333
