0 0.30969604863221883 0.126296875 0.519726443768997 0.6776093750000001
0 0.6784194528875379 0.3035 0.15553191489361703 0.11081250000000001
0 0.10024316109422492 0.28209375 0.1788145896656535 0.095875
0 0.000182370820668693 0.280375 0.1003647416413374 0.10006250000000001
0 0.6196656534954408 0.015828125000000002 0.1998176291793313 0.1165
0 0.0 0.09096875 0.22702127659574467 0.125703125
0 0.2678723404255319 0.000609375 0.15407294832826748 0.15571875
0 0.40556231003039517 0.006078125 0.125531914893617 0.091
0 0.6314285714285715 0.188015625 0.1280547112462006 0.099671875
0 0.4959270516717325 0.0008125000000000001 0.15161094224924013 0.08959375
0 0.886079027355623 0.301203125 0.1139209726443769 0.1119375
0 0.23768996960486324 0.27040625 0.09793313069908814 0.111328125
0 0.8124620060790274 0.28221875 0.08711246200607903 0.076046875
0 0.6565349544072948 0.078125 0.3404255319148936 0.296875
