1 0.0888 0.54328 0.1072 0.279307
1 0.04918 0.408773 0.07436 0.085653
1 0.14403 0.35816 0.03034 0.0408
1 0.10064 0.401667 0.04668 0.09464
0 0.61297 0.414787 0.11766 0.502053
0 0.53923 0.488107 0.11334 0.496747
0 0.37989 0.3926 0.13794 0.290853
0 0.32083 0.597627 0.17438 0.742667
1 0.47336 0.429973 0.05444 0.189707
1 0.34813 0.482453 0.06058 0.10416
1 0.01207 0.40532 0.02414 0.131653
1 0.16331 0.34432 0.01802 0.034773
0 0.19124 0.65212 0.16312 0.69576
1 0.35117 0.428293 0.09242 0.143573
1 0.22166 0.366267 0.04068 0.014933
1 0.66902 0.449693 0.03052 0.104027
1 0.03292 0.568867 0.06496 0.160507
