0 0.30648437500000003 0.43027272727272725 0.073859375 0.25645454545454544
0 0.491109375 0.40575 0.057374999999999995 0.12477272727272727
0 0.1200625 0.4470909090909091 0.0503125 0.15077272727272728
0 0.18346875 0.44475 0.02 0.13479545454545455
0 0.18953124999999998 0.4295 0.036265625 0.15547727272727271
0 0.059781249999999994 0.4565909090909091 0.0239375 0.14043181818181819
0 0.24401562499999999 0.44995454545454544 0.016546875 0.049522727272727274
0 0.104171875 0.46729545454545457 0.021734375 0.12454545454545454
0 0.01290625 0.5055454545454545 0.035078125 0.09281818181818183
0 0.41325 0.4447045454545454 0.029078125 0.054068181818181814
0 0.826046875 0.3873863636363636 0.030156250000000002 0.06777272727272728
0 0.13284374999999998 0.4607272727272727 0.03209375 0.12377272727272727
0 0.010171875 0.4424545454545455 0.019125 0.13390909090909092
0 0.0203125 0.37727272727272726 0.9625 0.28863636363636364
