0 0.455171875 0.6927570093457944 0.09353125 0.27927570093457943
0 0.662125 0.7248130841121496 0.064640625 0.2561448598130841
0 0.6191093750000001 0.7075233644859813 0.023421875 0.06794392523364486
0 0.89390625 0.7176401869158878 0.01609375 0.03158878504672897
0 0.39234375 0.7075 0.024125 0.0655607476635514
0 0.5930156249999999 0.7039252336448597 0.013359375000000001 0.06280373831775701
0 0.930671875 0.6981775700934579 0.016796875 0.04394859813084112
0 0.694984375 0.7403738317757009 0.090578125 0.25121495327102805
0 0.749828125 0.7069626168224299 0.051984375000000006 0.24682242990654205
0 0.810671875 0.7199532710280373 0.067203125 0.2094392523364486
0 0.46171875 0.7883411214953272 0.056921875 0.172803738317757
0 0.9523906249999999 0.7153738317757009 0.015390625 0.031822429906542056
