0 0.82112 0.3570532915360502 0.02682 0.08755485893416928
0 0.87886 0.6584326018808777 0.07598 0.29213166144200625
0 0.54212 0.4551724137931034 0.031760000000000004 0.13981191222570533
0 0.35842 0.3258307210031348 0.01292 0.0741692789968652
0 0.59746 0.4797492163009404 0.0332 0.17316614420062695
0 0.80606 0.4143260188087774 0.02912 0.1262382445141066
0 0.82726 0.4885579937304075 0.04604 0.1619435736677116
0 0.85794 0.5317868338557993 0.06288 0.18100313479623825
0 0.69848 0.5073667711598746 0.05132 0.1952037617554859
0 0.46878 0.37802507836990595 0.03624 0.09115987460815046
0 0.76538 0.39407523510971787 0.03444 0.13924764890282132
0 0.91122 0.5338557993730408 0.0887 0.20852664576802507
0 0.77874 0.507680250783699 0.0458 0.18545454545454546
0 0.244 0.14420062695924765 0.634 0.54858934169279
