0 0.3712 0.85282 0.1912 0.14718
0 0.7025428571428571 0.71714 0.062285714285714285 0.1259
0 0.7510571428571429 0.70916 0.05934285714285714 0.11858
0 0.8569428571428571 0.6634800000000001 0.07765714285714286 0.08678
0 0.9229714285714287 0.63358 0.07702857142857143 0.10786
0 0.3232285714285714 0.84978 0.06697142857142857 0.04542
0 0.1589142857142857 0.93768 0.07285714285714286 0.061380000000000004
0 0.08925714285714285 0.70526 0.029971428571428572 0.0273
0 0.20905714285714286 0.96982 0.08600000000000001 0.03018
0 0.10842857142857144 0.71492 0.033485714285714285 0.06322
0 0.4673428571428571 0.84764 0.028714285714285716 0.03868
0 0.0007714285714285715 0.75424 0.03817142857142857 0.09101999999999999
0 0.6212857142857142 0.7763 0.07017142857142857 0.1787
0 0.23714285714285716 0.092 0.76 0.906
