0 0.154796875 0.49169411764705884 0.032546874999999996 0.15981176470588235
0 0.04134375 0.4973176470588236 0.044375 0.07964705882352942
0 0.10440624999999999 0.4879058823529412 0.036859375 0.1800470588235294
0 0.09559375 0.4996235294117647 0.02346875 0.0732
0 0.07159375 0.49023529411764705 0.0280625 0.0840705882352941
0 0.147875 0.4969176470588235 0.0138125 0.06675294117647058
0 0.766234375 0.49425882352941175 0.029406250000000002 0.05251764705882353
0 0.733265625 0.4873176470588236 0.03421875 0.06430588235294117
0 0.784953125 0.4767294117647059 0.026234374999999997 0.06303529411764705
0 0.680578125 0.48327058823529406 0.037828125000000004 0.0743764705882353
