0 0.8276009501187649 0.198875 0.17239904988123514 0.59375
0 0.7248693586698338 0.24234375 0.1680522565320665 0.5036562499999999
0 0.6539667458432303 0.25509375 0.13636579572446555 0.46762499999999996
0 0.3766983372921615 0.171109375 0.28038004750593826 0.773546875
0 0.0 0.226578125 0.16603325415676962 0.5615
0 0.10665083135391924 0.22759374999999998 0.14216152019002376 0.422171875
0 0.09814726840855106 0.083734375 0.08256532066508313 0.093015625
0 0.5826128266033255 0.211203125 0.14866983372921616 0.559125
0 0.32477434679334916 0.558453125 0.04657957244655582 0.165640625
0 0.563562945368171 0.241453125 0.04529691211401425 0.059828124999999996
0 0.799334916864608 0.091609375 0.07522565320665084 0.08246875000000001
0 0.6952969121140143 0.18457812499999998 0.07076009501187648 0.0688125
0 0.14676959619952493 0.31571875 0.2585748218527316 0.47590625
0 0.0023752969121140144 0.0 0.9596199524940617 0.7796875
