0 0.339609375 0.7033746898263027 0.21084375 0.2853846153846154
0 0.001421875 0.543151364764268 0.24337499999999998 0.4426799007444169
0 0.6311093750000001 0.8719106699751861 0.23064062500000002 0.1146153846153846
0 0.9047499999999999 0.6246401985111663 0.0636875 0.3258560794044665
0 0.8110937500000001 0.8522332506203474 0.15184375 0.14456575682382133
0 0.798125 0.594590570719603 0.1285 0.2954838709677419
0 0.757015625 0.5841439205955334 0.10162500000000001 0.2492059553349876
0 0.9209375 0.5863275434243176 0.067640625 0.20878411910669975
0 0.215078125 0.6696526054590571 0.1613125 0.319106699751861
0 0.7053281250000001 0.7347394540942929 0.106625 0.18263027295285358
0 0.757375 0.5734987593052109 0.056281250000000005 0.0978908188585608
0 0.6228125 0.6066004962779157 0.10879687499999999 0.3445161290322581
0 0.135921875 0.5900000000000001 0.03975 0.059702233250620344
