0 0.12434375 0.6586458333333333 0.037671875 0.187578125
0 0.197125 0.5776041666666667 0.024 0.15231770833333333
0 0.9441875 0.7022395833333334 0.03546875 0.22627604166666668
0 0.671671875 0.48453125 0.025984374999999997 0.08244791666666666
0 0.8224843749999999 0.33229166666666665 0.0203125 0.05739583333333333
0 0.0310625 0.6242708333333333 0.0361875 0.13395833333333332
0 0.318015625 0.5786718750000001 0.023890625 0.12078125
0 0.59190625 0.3123697916666667 0.018875 0.07640625
0 0.050375 0.6711718750000001 0.016484375000000002 0.11302083333333333
0 0.028765625 0.68609375 0.023453125 0.15117187499999998
0 0.576171875 0.3328645833333333 0.0098125 0.049401041666666666
0 0.852328125 0.5477083333333334 0.010984375000000001 0.038281249999999996
0 0.537578125 0.562421875 0.006578125 0.0096875
0 0.2546875 0.5677083333333334 0.0140625 0.11197916666666667
