0 0.1483125 0.39325 0.2545 0.5932708333333333
0 0.314890625 0.42739583333333336 0.17790625 0.41808333333333336
0 0.48615624999999996 0.35654166666666665 0.111890625 0.6129583333333334
0 0.594734375 0.39781249999999996 0.099796875 0.4815
0 0.65971875 0.4079583333333333 0.064625 0.41225
0 0.21853125 0.33860416666666665 0.06085937500000001 0.06054166666666667
0 0.3918125 0.37783333333333335 0.094359375 0.5010833333333333
0 0.565625 0.3815416666666666 0.064578125 0.24875
0 0.382546875 0.35025 0.06159375 0.12020833333333333
0 0.129359375 0.4618541666666667 0.07403125 0.17693750000000003
0 0.2856875 0.36072916666666666 0.06035937500000001 0.16822916666666668
0 0.00396875 0.5116458333333334 0.1255 0.1701875
