0 0.0 0.45773364485981305 0.201375 0.5258411214953271
0 0.171703125 0.3896495327102804 0.18978124999999998 0.5585514018691589
0 0.31257812500000004 0.24719626168224298 0.13374999999999998 0.23820093457943925
0 0.624859375 0.32525700934579443 0.17228125 0.44588785046728974
0 0.75571875 0.4125467289719626 0.21742187500000001 0.2152570093457944
0 0.46135937499999996 0.57303738317757 0.538640625 0.41348130841121494
0 0.56959375 0.2755841121495327 0.117390625 0.2724532710280374
0 0.177328125 0.26929906542056076 0.14578125 0.2247196261682243
0 0.00021875000000000003 0.3019158878504673 0.048125 0.1877570093457944
0 0.6676875 0.27074766355140184 0.138671875 0.17600467289719626
0 0.568875 0.28067757009345795 0.05600000000000001 0.1008177570093458
