0 0.7211000000000001 0.4961194029850746 0.04786 0.25877611940298506
0 0.6189 0.49185074626865677 0.06688 0.24591044776119403
0 0.14676 0.4496119402985075 0.09287999999999999 0.25644776119402984
0 0.31866 0.46871641791044777 0.05982 0.24797014925373131
0 0.89786 0.4777910447761194 0.033299999999999996 0.16522388059701493
0 0.85402 0.4948059701492537 0.019100000000000002 0.11758208955223881
0 0.81256 0.4807761194029851 0.0255 0.13292537313432837
0 0.30868 0.44304477611940296 0.031239999999999997 0.19656716417910447
0 0.96038 0.5175820895522387 0.02368 0.13143283582089552
0 0.66286 0.4816716417910448 0.01968 0.07307462686567165
0 0.9359400000000001 0.4853731343283582 0.02158 0.14898507462686567
0 0.69274 0.4865970149253731 0.02576 0.0893134328358209
0 0.35248 0.45223880597014926 0.0363 0.14501492537313432
0 0.368 0.4388059701492537 0.482 0.21194029850746268
