0 0.239921875 0.22779166666666667 0.211 0.4936041666666667
0 0.487140625 0.2715416666666667 0.067140625 0.087875
0 0.547984375 0.25866666666666666 0.063671875 0.09925
0 0.6211875 0.2491875 0.060390624999999996 0.11074999999999999
0 0.83109375 0.2298125 0.066453125 0.09895833333333333
0 0.862484375 0.12789583333333335 0.053015625 0.09660416666666666
0 0.757484375 0.23989583333333334 0.072546875 0.12647916666666667
0 0.13378125000000002 0.18856250000000002 0.06982812499999999 0.3497708333333333
0 0.613546875 0.225875 0.042109375 0.08389583333333334
0 0.6497499999999999 0.1814375 0.0550625 0.10810416666666667
0 0.6975781249999999 0.2194375 0.06932812499999999 0.09479166666666666
0 0.81325 0.14608333333333334 0.045 0.10841666666666666
0 0.256890625 0.15854166666666666 0.07710937500000001 0.174375
