0 0.39925 0.11684331797235023 0.507453125 0.8831566820276499
0 0.46264062499999997 0.23923963133640552 0.163859375 0.6526497695852534
0 0.520296875 0.22525345622119816 0.0408125 0.11147465437788019
0 0.35659375 0.0805299539170507 0.15846875 0.8359447004608295
0 0.83965625 0.2853917050691244 0.128 0.3528110599078341
0 0.56928125 0.20933179723502301 0.03559375 0.04092165898617512
0 0.598375 0.22281105990783412 0.07584375 0.14387096774193547
0 0.343265625 0.19158986175115209 0.048828125 0.22783410138248847
0 0.47909375 0.16186635944700462 0.05304687500000001 0.19350230414746544
0 0.5671875 0.08085253456221199 0.20779687500000002 0.6930645161290323
