0 0.356703125 0.39422916666666663 0.08534375 0.190375
0 0.33968750000000003 0.5353125 0.103640625 0.2349166666666667
0 0.45893750000000005 0.3859583333333333 0.07284375 0.309625
0 0.12076562500000002 0.4794583333333333 0.062265625000000005 0.0894375
0 0.270125 0.41402083333333334 0.062359374999999995 0.12227083333333333
0 0.608453125 0.4277708333333334 0.06593750000000001 0.22264583333333335
0 0.257484375 0.4157708333333333 0.024765625 0.09477083333333333
0 0.573640625 0.6447916666666667 0.154078125 0.2747708333333333
0 0.9479374999999999 0.4265 0.03334375 0.051291666666666666
0 0.532390625 0.41302083333333334 0.0408125 0.15408333333333332
0 0.732953125 0.6183333333333334 0.2074375 0.2777291666666667
0 0.751625 0.5951458333333334 0.094 0.1440833333333333
0 0.7434375 0.5842708333333333 0.05775 0.08931249999999999
0 0.075 0.3875 0.88125 0.42083333333333334
