0 0.246828125 0.09886939571150097 0.30615625 0.4578947368421053
0 0.423015625 0.11148148148148147 0.1883125 0.29612085769980506
0 0.060671875 0.12693957115009746 0.06543750000000001 0.2503508771929825
0 0.130390625 0.0924756335282651 0.095703125 0.13282651072124757
0 0.74425 0.1100194931773879 0.03625 0.07118908382066277
0 0.7156875 0.12678362573099416 0.04259375 0.16512670565302143
0 0.500703125 0.13861598440545808 0.04971875 0.04370370370370371
0 0.5480625 0.12239766081871345 0.06476562500000001 0.0923391812865497
0 0.80190625 0.10348927875243666 0.031890625 0.0791812865497076
0 0.15732812499999999 0.14430799220272905 0.07915625 0.2222027290448343
0 0.228859375 0.12255360623781676 0.059328124999999995 0.23582846003898636
0 0.043265625 0.09943469785575049 0.055734375 0.11284600389863547
0 0.81428125 0.13017543859649122 0.064046875 0.24074074074074073
