0 0.86209375 0.22920374707259955 0.11095312500000001 0.5213583138173302
0 0.7312031250000001 0.2884543325526932 0.11859375000000001 0.45941451990632315
0 0.74303125 0.4085480093676815 0.070921875 0.33058548009367683
0 0.6389843749999999 0.4652224824355972 0.07309375 0.2822248243559719
0 0.520125 0.4353395784543325 0.12734375 0.3904449648711944
0 0.5201718750000001 0.23299765807962527 0.114203125 0.28072599531615927
0 0.26521875 0.4329274004683841 0.166578125 0.3572833723653396
0 0.38925 0.40709601873536305 0.075546875 0.31377049180327865
0 0.459515625 0.4135831381733021 0.082265625 0.3668618266978923
0 0.511265625 0.42248243559718973 0.05096874999999999 0.12807962529274003
0 0.098515625 0.4348711943793911 0.052000000000000005 0.19756440281030443
0 0.020984375 0.41159250585480095 0.1276875 0.38276346604215455
0 0.400875 0.25529274004683844 0.089078125 0.24833723653395787
0 0.0 0.20140515222482436 0.9984375 0.5175644028103045
