0 0.94375 0.7880320366132724 0.014781250000000001 0.05423340961098398
0 0.9110156249999999 0.7925629290617849 0.02709375 0.09004576659038901
0 0.855640625 0.7934324942791763 0.033828125 0.061990846681922195
0 0.958015625 0.7831578947368422 0.021703125 0.09617848970251716
0 0.819109375 0.7877345537757438 0.01515625 0.03931350114416476
0 0.8105 0.7940045766590389 0.014078125 0.03368421052631579
0 0.4645625 0.7803661327231121 0.0263125 0.09043478260869565
0 0.18253124999999998 0.7716704805491992 0.020140625000000002 0.06254004576659039
0 0.721359375 0.754324942791762 0.00815625 0.01494279176201373
0 0.855859375 0.7862242562929062 0.0163125 0.0325858123569794
0 0.882640625 0.7826544622425629 0.028609375 0.04375286041189932
0 0.907046875 0.7896109839816934 0.01540625 0.03736842105263157
0 0.364359375 0.7604118993135012 0.034734375 0.10629290617848972
0 0.1984375 0.7688787185354691 0.0203125 0.06178489702517163
