0 0.66840625 0.4220705882352941 0.064953125 0.46731764705882356
0 0.5022656249999999 0.4944 0.02284375 0.08169411764705882
0 0.1871875 0.5235764705882353 0.028421875000000003 0.11014117647058824
0 0.08429687500000001 0.5167058823529411 0.026296874999999997 0.14263529411764705
0 0.7131875 0.4416 0.080296875 0.4928470588235294
0 0.370078125 0.6741647058823529 0.21340625000000002 0.3145882352941176
0 0.06478125 0.5243529411764706 0.026937499999999996 0.15489411764705882
0 0.237875 0.5175529411764707 0.015921875 0.10072941176470589
0 0.45562500000000006 0.5074352941176471 0.014046875 0.05327058823529412
0 0.89959375 0.4035058823529412 0.0675625 0.08809411764705882
0 0.710640625 0.43635294117647055 0.12073437499999999 0.4961176470588235
0 0.141140625 0.5604 0.048843750000000005 0.09536470588235295
0 0.044890625 0.5165882352941177 0.031625 0.1755764705882353
0 0.0046875 0.3835294117647059 0.99375 0.6141176470588235
