0 0.379890625 0.44650510204081634 0.31656249999999997 0.5258418367346939
0 0.64053125 0.4085204081632653 0.294046875 0.572015306122449
0 0.6193125 0.0 0.09353125 0.20308673469387756
0 0.3130625 0.0 0.10695312500000001 0.15811224489795916
0 0.1220625 0.005306122448979592 0.17581249999999998 0.13229591836734694
0 0.274703125 0.002193877551020408 0.10187500000000001 0.11941326530612245
0 0.0 0.001096938775510204 0.0990625 0.12413265306122448
0 0.26568749999999997 0.005943877551020408 0.01575 0.04267857142857143
0 0.401046875 0.0 0.077359375 0.17140306122448978
0 0.193140625 0.0 0.0843125 0.08732142857142856
0 0.1431875 0.21479591836734693 0.372265625 0.6779081632653061
