0 0.39959375 0.3482708333333333 0.128515625 0.47610416666666666
0 0.8207187499999999 0.5843541666666667 0.056843750000000005 0.13433333333333333
0 0.875046875 0.5709375 0.060765625000000004 0.1869583333333333
0 0.641453125 0.5664166666666667 0.07853125 0.1335
0 0.5353749999999999 0.5603541666666667 0.037343749999999995 0.0646875
0 0.567671875 0.5627083333333334 0.033796875 0.0568125
0 0.178828125 0.5616249999999999 0.0546875 0.2733125
0 0.075 0.574125 0.04928125 0.14220833333333335
0 0.514953125 0.5642708333333334 0.013750000000000002 0.04302083333333333
0 0.601484375 0.5636458333333334 0.052046875000000006 0.08195833333333334
0 0.793890625 0.58975 0.043437500000000004 0.21241666666666664
0 0.0 0.5766249999999999 0.11103125 0.423375
