0 0.5136799999999999 0.21288288288288287 0.19413999999999998 0.6995495495495495
0 0.17472 0.554084084084084 0.30760000000000004 0.42150150150150156
0 0.17414 0.21453453453453453 0.13306 0.2074174174174174
0 0.33864 0.22348348348348349 0.10526 0.17084084084084084
0 0.77426 0.1805105105105105 0.17628 0.16051051051051052
0 0.43101999999999996 0.22921921921921923 0.0943 0.16180180180180181
0 0.07931999999999999 0.0 0.07334 0.042702702702702704
0 0.0351 0.29114114114114115 0.10164 0.1569069069069069
0 0.09820000000000001 0.24282282282282283 0.10636 0.18852852852852853
0 0.03338 0.426006006006006 0.22003999999999999 0.5467267267267267
