0 0.35309375 0.5394583333333334 0.05404687500000001 0.27414583333333337
0 0.25040625 0.5316666666666666 0.08190625 0.30381250000000004
0 0.706890625 0.5530416666666667 0.01628125 0.026395833333333334
0 0.621140625 0.5483541666666666 0.065609375 0.26983333333333337
0 0.8046875 0.5508333333333333 0.03225 0.07110416666666668
0 0.5273749999999999 0.5599375 0.0735625 0.24927083333333336
0 0.86315625 0.5904375000000001 0.10340625 0.4017708333333333
0 0.605171875 0.5459583333333333 0.031046875 0.13066666666666665
0 0.691015625 0.5746041666666667 0.058984375 0.26066666666666666
0 0.667546875 0.5622708333333333 0.025656250000000002 0.06777083333333334
0 0.41190625000000003 0.540125 0.041828125 0.1571875
0 0.412203125 0.5737083333333334 0.080296875 0.2949583333333334
0 0.807796875 0.6372083333333334 0.070171875 0.3026875
0 0.43125 0.4666666666666667 0.4640625 0.3333333333333333
