0 0.741015625 0.06946768060836502 0.2558125 0.9183269961977186
0 0.7864687499999999 0.005133079847908745 0.21353125 0.36528517110266157
0 0.313953125 0.06174904942965779 0.26321875 0.8823193916349811
0 0.5420625 0.02022813688212928 0.21793749999999998 0.9685171102661597
0 0.638484375 0.0012927756653992397 0.172296875 0.5787832699619772
0 0.396125 0.0033840304182509505 0.246203125 0.3558555133079848
0 0.138078125 0.0005703422053231939 0.149484375 0.3167300380228137
0 0.17189062500000002 0.06631178707224335 0.242171875 0.8943346007604563
0 0.005546875 0.021406844106463877 0.23139062500000002 0.9617110266159696
0 0.32778125 0.008098859315589353 0.113140625 0.2987072243346008
