0 0.663546875 0.4334075723830735 0.336453125 0.5665924276169265
0 0.646953125 0.29202672605790647 0.038875 0.09819599109131404
0 0.7249375 0.29523385300668153 0.027296874999999998 0.09726057906458797
0 0.938203125 0.28162583518930956 0.025968750000000002 0.1212249443207127
0 0.197953125 0.1958129175946548 0.1076875 0.2799109131403118
0 0.817546875 0.26893095768374164 0.01665625 0.026971046770601335
0 0.760484375 0.2767706013363029 0.0156875 0.019510022271714923
0 0.783125 0.2733630289532294 0.010687499999999999 0.023474387527839643
0 0.8122031249999999 0.18298440979955455 0.01121875 0.04138084632516703
0 0.9365937499999999 0.116815144766147 0.008125 0.021314031180400893
0 0.139484375 0.3001781737193764 0.01675 0.05679287305122494
0 0.116140625 0.29207126948775053 0.016453125 0.06518930957683741
0 0.12823437499999998 0.29828507795100223 0.014859375 0.05857461024498887
0 0.0875 0.024498886414253896 0.9109375 0.3429844097995546
