0 0.3191013071895425 0.34606209150326794 0.2044934640522876 0.6314705882352941
0 0.05761437908496732 0.38076797385620914 0.11259803921568627 0.3350980392156863
0 0.29736928104575167 0.3949673202614379 0.038218954248366015 0.13555555555555554
0 0.645686274509804 0.40555555555555556 0.030522875816993464 0.09918300653594772
0 0.7149346405228758 0.40124183006535946 0.02351307189542484 0.08668300653594771
0 0.7268790849673203 0.3939869281045752 0.051127450980392154 0.1400326797385621
0 0.7676307189542484 0.3951470588235294 0.033104575163398695 0.13740196078431374
0 0.46861111111111114 0.37826797385620914 0.036045751633986926 0.0948202614379085
0 0.4970098039215686 0.39132352941176474 0.02900326797385621 0.0763888888888889
0 0.13947712418300653 0.3954575163398693 0.019787581699346406 0.06813725490196079
0 0.5262581699346405 0.40442810457516337 0.022647058823529412 0.07063725490196078
0 0.6062091503267973 0.3925816993464052 0.04101307189542484 0.10437908496732026
0 0.0016339869281045752 0.3709150326797386 0.9787581699346405 0.3611111111111111
