0 0.39365625 0.06966604823747681 0.31984375 0.4988682745825603
0 0.25421875 0.0029313543599257886 0.071171875 0.23573283858998145
0 0.10037499999999999 0.032448979591836735 0.07071875 0.22476808905380335
0 0.844828125 0.0450834879406308 0.06653125 0.19671614100185528
0 0.828078125 0.017476808905380333 0.030015625 0.21181818181818182
0 0.6748125 0.02660482374768089 0.07145312499999999 0.13029684601113173
0 0.522359375 0.046437847866419295 0.042703124999999995 0.11224489795918367
0 0.04221875 0.046345083487940635 0.07928125 0.22087198515769943
0 0.7986718749999999 0.02821892393320965 0.039484375 0.1938961038961039
0 0.23326562499999998 0.09228200371057514 0.034859375 0.03949907235621521
0 0.7464062499999999 0.030946196660482376 0.062234374999999995 0.0767161410018553
0 0.357375 0.009183673469387756 0.07496875 0.3560853432282004
