0 0.057259953161592506 0.1438125 0.5591100702576113 0.8224843749999999
0 0.45946135831381735 0.004796875 0.16922716627634662 0.14528125
0 0.29067915690866514 0.0 0.17391100702576115 0.131296875
0 0.19185011709601874 0.069390625 0.126768149882904 0.20103125
0 0.02107728337236534 0.0754375 0.17255269320843092 0.161515625
0 0.001522248243559719 0.20037500000000003 0.11304449648711945 0.141578125
0 0.5457377049180328 0.0026406249999999997 0.15913348946135833 0.12601562500000002
0 0.5649414519906323 0.18203125 0.16365339578454333 0.178421875
0 0.7065339578454333 0.197859375 0.18482435597189695 0.165609375
0 0.5961592505854801 0.296625 0.11789227166276348 0.071921875
0 0.0 0.30753125 0.10348946135831381 0.073890625
0 0.7101873536299765 0.28896875 0.1513583138173302 0.07878125
0 0.7126229508196722 0.0829375 0.10920374707259954 0.10984374999999999
0 0.0351288056206089 0.0 0.955503512880562 0.30625
