0 0.44315625000000003 0.47962529274004684 0.11909375 0.17105386416861829
0 0.26428124999999997 0.41882903981264635 0.071640625 0.1732552693208431
0 0.627671875 0.44934426229508195 0.060265625 0.08517564402810304
0 0.50703125 0.4618032786885246 0.07195312499999999 0.15585480093676815
0 0.6837187499999999 0.4402576112412178 0.053390625000000004 0.08323185011709602
0 0.12221875 0.4119203747072599 0.04434375 0.12840749414519906
0 0.16465625 0.3791803278688525 0.074546875 0.18964871194379393
0 0.397484375 0.48088992974238876 0.079796875 0.15292740046838407
0 0.342359375 0.4634894613583138 0.0725 0.15618266978922715
0 0.31440625 0.46871194379391096 0.064578125 0.1361592505854801
0 0.2203125 0.42337236533957845 0.06009375 0.1493911007025761
0 0.659046875 0.4349882903981265 0.035312500000000004 0.06906323185011709
0 0.16209374999999998 0.38435597189695553 0.0373125 0.08348946135831381
0 0.0796875 0.3583138173302108 0.5640625 0.22716627634660422
