0 0.249609375 0.424765625 0.0119375 0.02921875
0 0.259171875 0.42724609375 0.013953125 0.01951171875
0 0.4060625 0.43626953125 0.01565625 0.016484375
0 0.477890625 0.430390625 0.023453125 0.02076171875
0 0.5228906249999999 0.43310546875 0.012656249999999999 0.01580078125
0 0.721359375 0.42474609375 0.006703125 0.01484375
0 0.289984375 0.43765625 0.012234375 0.01673828125
0 0.365453125 0.43521484375 0.018421874999999997 0.0165625
0 0.425203125 0.4346484375 0.013796875 0.016875
0 0.397546875 0.431171875 0.01303125 0.01728515625
