0 0.035328125 0.5293888888888889 0.0306875 0.14869444444444443
0 0.17515624999999999 0.5159444444444444 0.035796875 0.17505555555555558
0 0.49578125 0.5248055555555555 0.010171875 0.06744444444444445
0 0.521859375 0.5237222222222222 0.01303125 0.07697222222222222
0 0.9354374999999999 0.5305 0.020359375 0.09352777777777778
0 0.76428125 0.5236111111111111 0.01196875 0.05444444444444445
0 0.739546875 0.5206666666666666 0.010624999999999999 0.06022222222222222
0 0.703640625 0.5305 0.018171875 0.0795
0 0.08828125 0.5311666666666667 0.026515624999999998 0.08058333333333334
0 0.026234374999999997 0.5288333333333333 0.013890625 0.04511111111111111
0 0.6034531249999999 0.5328888888888889 0.014937500000000001 0.06227777777777778
0 0.6409374999999999 0.5350833333333334 0.011515625 0.07861111111111112
0 0.4413125 0.5258611111111111 0.014218749999999999 0.04933333333333334
0 0.2890625 0.5027777777777778 0.6546875 0.11666666666666667
