0 0.8932499999999999 0.4718203309692672 0.027625 0.05373522458628842
0 0.702515625 0.4488888888888889 0.010499999999999999 0.06955082742316786
0 0.91771875 0.45179669030732866 0.012656249999999999 0.03595744680851064
0 0.9086562499999999 0.4504018912529551 0.01053125 0.027966903073286052
0 0.9364531250000001 0.4592198581560284 0.021484375 0.06186761229314421
0 0.733625 0.5065248226950354 0.045640625000000004 0.09293144208037826
0 0.660921875 0.45304964539007087 0.02028125 0.04040189125295508
0 0.898484375 0.4562411347517731 0.008906250000000001 0.02794326241134752
0 0.9461562499999999 0.46768321513002364 0.009453125 0.03765957446808511
0 0.7580625000000001 0.4649408983451536 0.03003125 0.08602836879432624
