0 0.3109967320261438 0.4980065359477124 0.09702614379084967 0.10736928104575162
0 0.7118137254901961 0.5525653594771243 0.026503267973856208 0.0405718954248366
0 0.4884150326797386 0.5469117647058823 0.05696078431372549 0.054673202614379086
0 0.28498366013071896 0.2782516339869281 0.047957516339869284 0.0375
0 0.48558823529411765 0.26266339869281047 0.041388888888888885 0.03410130718954248
0 0.19830065359477125 0.6368137254901961 0.011388888888888888 0.03459150326797386
0 0.14901960784313725 0.6349509803921568 0.021633986928104577 0.056388888888888884
0 0.34689542483660135 0.27578431372549017 0.03016339869281046 0.03356209150326797
0 0.12758169934640523 0.6170098039215687 0.03125816993464052 0.08612745098039216
0 0.16647058823529412 0.649640522875817 0.021633986928104577 0.05271241830065359
0 0.18558823529411764 0.6401797385620915 0.021241830065359478 0.06312091503267975
