0 0.08512 0.36005333333333334 0.1412 0.63968
0 0.27276 0.3790133333333333 0.060840000000000005 0.19655999999999998
0 0.17562 0.37066666666666664 0.02112 0.10258666666666666
0 0.95516 0.36688000000000004 0.03186 0.09762666666666667
0 0.93908 0.3784533333333333 0.020640000000000002 0.08152
0 0.8776 0.38050666666666666 0.04586 0.07336000000000001
0 0.8264199999999999 0.3622666666666666 0.02948 0.0828
0 0.7732 0.37981333333333334 0.03074 0.05754666666666666
0 0.34452 0.3713866666666667 0.022359999999999998 0.068
0 0.1965 0.372 0.0281 0.05706666666666666
0 0.41868 0.36973333333333336 0.02308 0.056613333333333335
0 0.31022000000000005 0.38192 0.028239999999999998 0.035546666666666664
0 0.26814 0.37786666666666663 0.02078 0.12501333333333334
0 0.086 0.3626666666666667 0.852 0.09866666666666667
