0 0.32884375 0.3657111597374179 0.05015625 0.2413129102844639
0 0.6640312500000001 0.3660175054704595 0.03603125 0.18693654266958426
0 0.633828125 0.3725382932166302 0.040546874999999996 0.1664989059080963
0 0.73671875 0.34579868708971556 0.18465625000000002 0.6542013129102845
0 0.554203125 0.36549234135667397 0.030140624999999997 0.15763676148796502
0 0.59315625 0.37207877461706784 0.029734375 0.16341356673960614
0 0.7165468749999999 0.3738949671772429 0.03871875 0.19682713347921227
0 0.8604687500000001 0.37936542669584244 0.05546875 0.24054704595185997
0 0.570890625 0.3742231947483589 0.023453125 0.1276586433260394
0 0.5187968749999999 0.3652297592997812 0.058359375000000005 0.2110503282275711
0 0.27518750000000003 0.37527352297593 0.053796875 0.1562582056892779
0 0.0475625 0.37266958424507657 0.048515625 0.18328227571115974
0 0.24312499999999998 0.38183807439824946 0.033390625 0.12599562363238512
0 0.0703125 0.36542669584245074 0.8109375 0.1422319474835886
