0 0.12675 0.1793577981651376 0.146703125 0.385848623853211
0 0.35078125 0.26424311926605504 0.0578125 0.14809633027522934
0 0.67053125 0.22022935779816513 0.097984375 0.17752293577981654
0 0.7975 0.2695183486238532 0.074640625 0.1709862385321101
0 0.266 0.21713302752293578 0.06384375 0.1561926605504587
0 0.425125 0.23555045871559635 0.082265625 0.14229357798165138
0 0.5003437500000001 0.20474770642201834 0.089515625 0.21782110091743118
0 0.5959375 0.22227064220183484 0.07703125 0.15178899082568809
0 0.746109375 0.3379128440366973 0.077546875 0.2957568807339449
0 0.213 0.20607798165137614 0.055406250000000004 0.1206880733944954
0 0.0 0.24153669724770643 0.10528124999999999 0.16348623853211008
0 0.002984375 0.34527522935779814 0.081296875 0.317545871559633
0 0.0366875 0.2029816513761468 0.07128124999999999 0.14192660550458716
0 0.0015625 0.1628440366972477 0.996875 0.5619266055045872
