1 0.785053 0.52566 0.21928 0.2622
1 0.254987 0.43215 0.072853 0.06886
1 0.24236 0.43314 0.126053 0.14044
1 0.177587 0.35233 0.05048 0.03826
1 0.237387 0.32893 0.05984 0.06618
1 0.738653 0.34202 0.083707 0.08072
0 0.776893 0.25497 0.058267 0.0623
1 0.72124 0.38582 0.068827 0.04324
1 0.39708 0.32169 0.051227 0.04526
1 0.453853 0.28595 0.021467 0.01438
1 0.217507 0.4126 0.06104 0.09004
1 0.886013 0.3294 0.052773 0.0622
1 0.258027 0.5294 0.125547 0.2098
1 0.852507 0.37826 0.042987 0.04676
1 0.732 0.294 0.2 0.08
