0 0.10786 0.28989333333333334 0.22080000000000002 0.4404533333333333
0 0.0 0.4549066666666667 0.14294 0.27901333333333334
0 0.56864 0.46285333333333334 0.08181999999999999 0.16362666666666667
0 0.65278 0.42864 0.24552000000000002 0.4946933333333333
0 0.81356 0.45925333333333335 0.08888 0.2132
0 0.87328 0.4535466666666667 0.12672 0.24842666666666666
0 0.13146000000000002 0.12808 0.31854000000000005 0.5820266666666667
0 0.51434 0.4650666666666667 0.07714 0.13784
0 0.8819600000000001 0.40018666666666664 0.06024 0.07112
0 0.0 0.4630666666666667 0.06094 0.19584
0 0.45202 0.4484533333333333 0.08854000000000001 0.22781333333333334
0 0.9594199999999999 0.48503999999999997 0.04056 0.11829333333333333
