0 0.50690625 0.555175644028103 0.04475 0.2469320843091335
0 0.111234375 0.5342622950819672 0.0411875 0.24744730679156907
0 0.139625 0.5514754098360656 0.041421875000000004 0.2410538641686183
0 0.20656249999999998 0.5411943793911007 0.048734375 0.2820608899297424
0 0.288875 0.5492974238875878 0.057046875 0.2475175644028103
0 0.3449375 0.5507962529274004 0.03325 0.2379391100702576
0 0.374265625 0.5398126463700235 0.04740625 0.25449648711943795
0 0.7635625 0.5392271662763466 0.04715625 0.059367681498829046
0 0.459703125 0.5507025761124122 0.05689062499999999 0.2529742388758782
0 0.49204687500000005 0.53 0.021875 0.07533957845433256
0 0.41900000000000004 0.5495784543325527 0.039390625 0.24353629976580796
0 0.54640625 0.5347072599531616 0.04090625 0.2594145199063232
0 0.369765625 0.518360655737705 0.029390624999999997 0.07063231850117097
0 0.3359375 0.5269320843091335 0.21875 0.08899297423887588
