0 0.740773 0.458823 0.132547 0.308729
0 0.633336 0.357062 0.140672 0.226375
0 0.869375 0.411323 0.094563 0.262646
0 0.223977 0.481885 0.116391 0.152771
0 0.099437 0.685396 0.198875 0.530333
0 0.869547 0.591208 0.260906 0.423458
0 0.887055 0.80976 0.216109 0.380479
0 0.04793 0.838823 0.095859 0.300438
1 0.254336 0.388813 0.134047 0.133708
1 0.108672 0.273115 0.099125 0.052979
1 0.066547 0.491802 0.130438 0.213896
0 0.450047 0.521406 0.608625 0.957187
1 0.044781 0.252125 0.082 0.131458
1 0.233766 0.254542 0.070125 0.083125
