61 0.151063 0.709528 0.082542 0.220222
61 0.178646 0.894014 0.273042 0.19325
61 0.18876 0.61475 0.057313 0.146056
61 0.213385 0.556056 0.057313 0.113222
0 0.772813 0.707931 0.167708 0.250583
0 0.647813 0.567847 0.107333 0.185806
0 0.585875 0.524597 0.066167 0.189917
0 0.274604 0.627556 0.202917 0.357444
0 0.297083 0.779194 0.298167 0.435833
0 0.686615 0.825528 0.328229 0.348944
0 0.340438 0.538542 0.076167 0.181306
0 0.443969 0.479222 0.111521 0.147333
0 0.880625 0.81 0.23875 0.38
61 0.548594 0.464042 0.065729 0.119083
0 0.296375 0.478056 0.115208 0.158111
0 0.685958 0.499431 0.087125 0.072917
61 0.473927 0.440208 0.049354 0.092361
61 0.51676 0.396153 0.036771 0.021306
