0 0.1799375 0.3169375 0.130046875 0.47585416666666663
0 0.634265625 0.250875 0.058015625 0.09483333333333334
0 0.41457812499999996 0.19970833333333332 0.1389375 0.6580833333333334
0 0.326921875 0.3638333333333333 0.155671875 0.5189166666666667
0 0.788546875 0.3998958333333333 0.21145312500000002 0.6001041666666667
0 0.6409374999999999 0.4344375 0.17953125 0.5655625000000001
0 0.595078125 0.3331458333333333 0.1381875 0.6651041666666667
0 0.515734375 0.32135416666666666 0.129765625 0.6539166666666667
0 0.641796875 0.22297916666666667 0.13764062500000002 0.2524166666666667
0 0.2865625 0.2527916666666667 0.149640625 0.5682291666666667
0 0.08146875 0.38566666666666666 0.09259375 0.44277083333333334
0 0.546078125 0.2473125 0.08225 0.0856875
