0 0.32092187499999997 0.41318750000000004 0.055359375 0.1764166666666667
0 0.71034375 0.3305416666666667 0.068359375 0.10845833333333334
0 0.759859375 0.13320833333333332 0.030453124999999998 0.062875
0 0.71334375 0.10283333333333333 0.0245 0.05522916666666667
0 0.87915625 0.9550625 0.03378125 0.0449375
0 0.11271875 0.4580416666666667 0.06146875 0.15229166666666666
0 0.40265625 0.18337499999999998 0.024046875000000002 0.042874999999999996
0 0.030296875 0.6689166666666666 0.043515625 0.11527083333333334
0 0.360125 0.18000000000000002 0.033015625 0.04679166666666667
0 0.370234375 0.0945 0.024906249999999998 0.06302083333333333
0 0.39159375 0.09431250000000001 0.02521875 0.05364583333333333
0 0.8653124999999999 0.8971874999999999 0.040875 0.057291666666666664
0 0.30509375 0.09949999999999999 0.027578125 0.057958333333333334
0 0.0015625 0.0 0.9875 0.9270833333333334
