0 0.6395 0.5447183098591549 0.008984375 0.030821596244131458
0 0.5450781250000001 0.8073239436619719 0.018453125 0.09272300469483569
0 0.3781875 0.8857746478873239 0.03371875 0.07330985915492957
0 0.275140625 0.8370657276995305 0.028796875 0.08002347417840376
0 0.94703125 0.7255633802816901 0.031296875 0.0573943661971831
0 0.9039375 0.7093427230046948 0.01634375 0.04704225352112676
0 0.528765625 0.8363849765258217 0.03128125 0.07784037558685446
0 0.6333125 0.8227230046948357 0.0190625 0.10368544600938967
0 0.758953125 0.4916431924882629 0.007015625 0.016901408450704227
0 0.0225 0.7867840375586855 0.019546875 0.03913145539906104
0 0.33359375 0.445680751173709 0.0038906250000000004 0.007863849765258215
0 0.3734375 0.4859154929577465 0.0359375 0.028169014084507043
