0 0.958859375 0.13178403755868545 0.0160625 0.03671361502347418
0 0.36796875 0.2741549295774648 0.1765 0.435962441314554
0 0.565625 0.09417840375586854 0.1373125 0.5470657276995305
0 0.534296875 0.0717605633802817 0.41937499999999994 0.9147887323943662
0 0.000671875 0.17699530516431927 0.052828125000000004 0.1761737089201878
0 0.045 0.16342723004694837 0.056578125 0.09852112676056338
0 0.9273906249999999 0.16854460093896714 0.072609375 0.0943661971830986
0 0.9114218749999999 0.1543661971830986 0.039531250000000004 0.06056338028169014
0 0.11368750000000001 0.14830985915492959 0.0643125 0.08988262910798121
0 0.122921875 0.04307511737089202 0.025687500000000002 0.06237089201877934
0 0.42043749999999996 0.17192488262910796 0.09840625 0.09230046948356807
0 0.074578125 0.1281924882629108 0.03725 0.08769953051643192
0 0.510609375 0.16992957746478873 0.05165625 0.09349765258215963
0 0.0015625 0.002347417840375587 0.996875 0.3873239436619718
