0 0.276078125 0.4626458333333333 0.030515625 0.13816666666666666
0 0.37996875 0.44164583333333335 0.032609375 0.16102083333333334
0 0.470015625 0.4746875 0.0435625 0.1665
0 0.5111718749999999 0.47622916666666665 0.050328125 0.06177083333333333
0 0.620703125 0.5403125000000001 0.07025 0.13010416666666666
0 0.6578593749999999 0.46049999999999996 0.03678125 0.09229166666666666
0 0.716359375 0.47293749999999996 0.039015625 0.14583333333333334
0 0.8038125 0.4673125 0.032296875 0.17475
0 0.8260781250000001 0.46935416666666663 0.02303125 0.14681249999999998
0 0.606421875 0.44483333333333336 0.045234375 0.1773125
0 0.49046874999999995 0.4670416666666667 0.0226875 0.04839583333333333
