0 0.14036 0.6275165562913907 0.12840000000000001 0.37099337748344374
0 0.2798 0.6309602649006623 0.14408 0.3569867549668874
0 0.40854 0.6202317880794702 0.13166 0.33483443708609273
0 0.51536 0.6359602649006623 0.14482 0.31509933774834437
0 0.65558 0.6292052980132451 0.12622 0.31460264900662255
0 0.77404 0.6407615894039734 0.12516 0.32658940397350994
0 0.7886 0.4224834437086093 0.08144 0.30559602649006623
0 0.6638200000000001 0.43625827814569534 0.13269999999999998 0.3879139072847682
0 0.64588 0.4275165562913908 0.07701999999999999 0.23937086092715235
0 0.12 0.10913907284768212 0.10642 0.3539072847682119
0 0.19986 0.26490066225165565 0.09334 0.24596026490066225
0 0.86238 0.44499999999999995 0.0852 0.46824503311258275
0 0.5686 0.3913245033112583 0.08268 0.36185430463576157
0 0.0 0.059602649006622516 0.998 0.8708609271523179
