0 0.428109375 0.6128750000000001 0.10943750000000001 0.37554166666666666
0 0.25 0.5793541666666666 0.143703125 0.41052083333333333
0 0.80390625 0.5680208333333333 0.106625 0.3517291666666667
0 0.688921875 0.6039166666666667 0.037734375 0.04864583333333334
0 0.5248437499999999 0.5929791666666666 0.0455 0.154875
0 0.939390625 0.60325 0.052078124999999996 0.16308333333333333
0 0.043203124999999995 0.6039583333333333 0.01234375 0.0478125
0 0.41304687500000004 0.5995416666666666 0.0363125 0.13556249999999997
0 0.07421875 0.5798125 0.018203125 0.06699999999999999
0 0.018062500000000002 0.56475 0.132984375 0.43524999999999997
0 0.4731875 0.6021458333333333 0.01528125 0.014729166666666666
