0 0.475671875 0.6263231850117096 0.09390625 0.2052927400468384
0 0.549359375 0.3162763466042155 0.029890624999999997 0.1251288056206089
0 0.8280312500000001 0.41911007025761127 0.065703125 0.14662763466042156
0 0.7183437500000001 0.2412646370023419 0.035359375 0.072903981264637
0 0.5957656250000001 0.341943793911007 0.026921875 0.1019672131147541
0 0.173921875 0.6015690866510539 0.08695312499999999 0.19325526932084308
0 0.698734375 0.183536299765808 0.021015625 0.032388758782201404
0 0.029890624999999997 0.3519672131147541 0.028109375 0.09107728337236534
0 0.598953125 0.37871194379391104 0.044437500000000005 0.157096018735363
0 0.660515625 0.17201405152224825 0.02146875 0.04426229508196721
0 0.120796875 0.38569086651053863 0.0371875 0.09194379391100702
0 0.486765625 0.1623887587822014 0.030656250000000003 0.05187353629976581
0 0.773390625 0.1388992974238876 0.019921875 0.03278688524590164
0 0.0015625 0.0 0.996875 0.6112412177985949
