0 0.5421875 0.6335277777777778 0.116328125 0.36647222222222225
0 0.474734375 0.7009444444444445 0.057984375 0.2933888888888889
0 0.38853125 0.7293611111111111 0.0648125 0.2675
0 0.6499375 0.6207777777777778 0.060640625000000004 0.16691666666666669
0 0.511390625 0.6698888888888889 0.037375000000000005 0.20797222222222222
0 0.919296875 0.48808333333333337 0.080703125 0.37119444444444444
0 0.748640625 0.5830833333333333 0.050062499999999996 0.20866666666666667
0 0.7879375 0.53725 0.1064375 0.35936111111111113
0 0.610203125 0.6238333333333334 0.032218750000000004 0.11786111111111111
0 0.589609375 0.6219722222222223 0.0308125 0.112
0 0.70984375 0.5638611111111111 0.046921875 0.1812777777777778
